-1.050000000000000000e+02
-1.050000000000000000e+02
-8.550000000000000000e+01
-9.000000000000000000e+01
-8.200000000000000000e+01
-1.350000000000000000e+02
-1.100000000000000000e+02
-8.700000000000000000e+01
-1.100000000000000000e+02
-1.200000000000000000e+02
-9.100000000000000000e+01
-9.300000000000000000e+01
-1.140000000000000000e+02
-9.800000000000000000e+01
-7.900000000000000000e+01
-8.300000000000000000e+01
-1.130000000000000000e+02
-8.000000000000000000e+01
-9.000000000000000000e+01
-1.100000000000000000e+02
-1.225499999999999972e+02
-7.900000000000000000e+01
-1.000000000000000000e+02
-8.200000000000000000e+01
-8.600000000000000000e+01
-1.125000000000000000e+02
-8.629999999999999716e+01
-9.900000000000000000e+01
-1.010000000000000000e+02
-1.410000000000000000e+02
-1.020000000000000000e+02
-7.800000000000000000e+01
-9.500000000000000000e+01
-1.005000000000000000e+02
-1.005000000000000000e+02
-8.400000000000000000e+01
-1.050000000000000000e+02
-8.400000000000000000e+01
-1.050000000000000000e+02
-1.270000000000000000e+02
-9.600000000000000000e+01
-1.350000000000000000e+02
-1.025000000000000000e+02
-9.600000000000000000e+01
-1.490000000000000000e+02
-1.010000000000000000e+02
-1.005000000000000000e+02
-1.475000000000000000e+02
-8.900000000000000000e+01
-1.470000000000000000e+02
-8.000000000000000000e+01
-1.000000000000000000e+02
-9.300000000000000000e+01
-9.200000000000000000e+01
-7.800000000000000000e+01
-1.290000000000000000e+02
-1.265000000000000000e+02
-8.900000000000000000e+01
-1.175000000000000000e+02
-1.150000000000000000e+02
-9.000000000000000000e+01
-8.500000000000000000e+01
-8.500000000000000000e+01
-9.500000000000000000e+01
-7.850000000000000000e+01
-9.700000000000000000e+01
-1.174399999999999977e+02
-1.109330000000000069e+02
-9.210899999999999466e+01
-1.229639999999999986e+02
-7.645199999999999818e+01
-9.228799999999999670e+01
-8.828900000000000148e+01
-1.108329999999999984e+02
-9.718999999999999773e+01
-9.078000000000000114e+01
-8.736100000000000421e+01
-7.638899999999999579e+01
-1.255529999999999973e+02
-1.089080000000000013e+02
-1.253239999999999981e+02
-8.384399999999999409e+01
-8.168600000000000705e+01
-7.845499999999999829e+01
-8.016899999999999693e+01
-7.607899999999999352e+01
-7.703900000000000148e+01
-1.114729999999999990e+02
-1.012630000000000052e+02
-8.587099999999999511e+01
-1.068089999999999975e+02
-1.104140000000000015e+02
-8.875799999999999557e+01
-9.179399999999999693e+01
-8.206499999999999773e+01
-8.673600000000000421e+01
-8.219599999999999795e+01
-1.363729999999999905e+02
-1.210310000000000059e+02
-9.650499999999999545e+01
-7.855899999999999750e+01
-9.703600000000000136e+01
-1.475380000000000109e+02
-7.873799999999999955e+01
-9.826600000000000534e+01
-9.754999999999999716e+01
-1.305560000000000116e+02
-1.072049999999999983e+02
-9.661400000000000432e+01
-9.667000000000000171e+01
-7.738599999999999568e+01
-7.584999999999999432e+01
-8.789400000000000546e+01
-1.041460000000000008e+02
-1.036320000000000050e+02
-1.043790000000000049e+02
-1.133179999999999978e+02
-1.102879999999999967e+02
-1.039419999999999931e+02
-8.749399999999999977e+01
-1.123379999999999939e+02
-1.180840000000000032e+02
-1.009009999999999962e+02
-8.109900000000000375e+01
-9.964300000000000068e+01
-1.475989999999999895e+02
-8.248000000000000398e+01
-8.229800000000000182e+01
-8.278600000000000136e+01
-1.053190000000000026e+02
-1.157609999999999957e+02
-1.036590000000000060e+02
-1.132199999999999989e+02
-9.248399999999999466e+01
-7.929300000000000637e+01
-1.037699999999999960e+02
-7.985299999999999443e+01
-7.639700000000000557e+01
-1.468540000000000134e+02
-9.587800000000000011e+01
-9.892100000000000648e+01
-9.828700000000000614e+01
-7.591899999999999693e+01
-9.190399999999999636e+01
-8.454600000000000648e+01
-8.467499999999999716e+01
-1.330000000000000000e+02
-1.156970000000000027e+02
-7.762900000000000489e+01
-9.142900000000000205e+01
-8.435699999999999932e+01
-7.859099999999999397e+01
-1.029569999999999936e+02
-8.315800000000000125e+01
-8.440099999999999625e+01
-7.990200000000000102e+01
-1.010630000000000024e+02
-9.091299999999999670e+01
-7.676800000000000068e+01
-9.429600000000000648e+01
-8.050000000000000000e+01
-1.013070000000000022e+02
-8.250000000000000000e+01
-8.040000000000000568e+01
-9.150000000000000000e+01
-9.150000000000000000e+01
-1.010000000000000000e+02
-9.284399999999999409e+01
-1.220000000000000000e+02
-8.050000000000000000e+01
-7.850000000000000000e+01
-8.270000000000000284e+01
-1.110000000000000000e+02
-1.150000000000000000e+02
-7.500000000000000000e+01
-8.925000000000000000e+01
-9.125000000000000000e+01
-1.472500000000000000e+02
-9.400000000000000000e+01
-1.250610000000000070e+02
-9.450000000000000000e+01
-7.600000000000000000e+01
-7.750000000000000000e+01
-8.622199999999999420e+01
-7.525000000000000000e+01
-1.483890000000000100e+02
-7.639600000000000080e+01
-9.800000000000000000e+01
-9.800000000000000000e+01
-7.650000000000000000e+01
-9.525000000000000000e+01
-8.387500000000000000e+01
-1.065000000000000000e+02
-1.223919999999999959e+02
-1.120000000000000000e+02
-7.825000000000000000e+01
-1.331040000000000134e+02
-1.490000000000000000e+02
-1.125999999999999943e+02
-7.650000000000000000e+01
-1.120000000000000000e+02
-1.140000000000000000e+02
-1.070000000000000000e+02
-8.512600000000000477e+01
-1.055000000000000000e+02
-9.206300000000000239e+01
-1.007000000000000028e+02
-7.571800000000000352e+01
-9.822799999999999443e+01
-8.080599999999999739e+01
-8.098600000000000421e+01
-1.365000000000000000e+02
-9.690000000000000568e+01
-9.870000000000000284e+01
-7.650000000000000000e+01
-8.529999999999999716e+01
-7.890000000000000568e+01
-1.190600000000000023e+02
-8.420000000000000284e+01
-8.250000000000000000e+01
-1.075000000000000000e+02
-9.209900000000000375e+01
-8.085699999999999932e+01
-8.690000000000000568e+01
-1.129000000000000057e+02
-1.129669999999999987e+02
-7.670000000000000284e+01
-1.185000000000000000e+02
-1.182999999999999972e+02
-1.255999999999999943e+02
-1.181730000000000018e+02
-1.180000000000000000e+02
-1.095999999999999943e+02
-7.779999999999999716e+01
-9.079999999999999716e+01
-9.220000000000000284e+01
-1.225999999999999943e+02
-8.028100000000000591e+01
-1.160589999999999975e+02
-8.182899999999999352e+01
-1.120699999999999932e+02
-8.643600000000000705e+01
-1.307189999999999941e+02
-8.274099999999999966e+01
-9.928799999999999670e+01
-7.679099999999999682e+01
-7.949200000000000443e+01
-7.958599999999999852e+01
-7.955400000000000205e+01
-7.957500000000000284e+01
-1.362829999999999870e+02
-8.168300000000000693e+01
-9.717900000000000205e+01
-1.106550000000000011e+02
-9.440999999999999659e+01
-7.538299999999999557e+01
-1.119000000000000057e+02
-1.134300000000000068e+02
-7.574200000000000443e+01
-7.553000000000000114e+01
-1.312640000000000100e+02
-8.062000000000000455e+01
-7.588899999999999579e+01
-7.568300000000000693e+01
-9.232999999999999829e+01
-7.575199999999999534e+01
-7.553799999999999670e+01
-8.267400000000000659e+01
-9.964199999999999591e+01
-9.976300000000000523e+01
-7.549099999999999966e+01
-8.278000000000000114e+01
-7.640500000000000114e+01
-8.233299999999999841e+01
-8.258700000000000330e+01
-7.609799999999999898e+01
-7.651699999999999591e+01
-7.539799999999999613e+01
-7.814300000000000068e+01
-7.822299999999999898e+01
-1.476260000000000048e+02
-1.494159999999999968e+02
-1.463129999999999882e+02
-1.485449999999999875e+02
-1.477319999999999993e+02
-1.479540000000000077e+02
-1.496239999999999952e+02
-1.495080000000000098e+02
-1.465850000000000080e+02
-1.484019999999999868e+02
-1.465749999999999886e+02
-1.467309999999999945e+02
-1.469819999999999993e+02
-1.487810000000000059e+02
-1.491719999999999970e+02
-1.486910000000000025e+02
-1.470300000000000011e+02
-1.457680000000000007e+02
-1.303050000000000068e+02
-1.494310000000000116e+02
-1.448089999999999975e+02
-1.476370000000000005e+02
-1.468750000000000000e+02
-1.467849999999999966e+02
-1.473199999999999932e+02
-1.474689999999999941e+02
-1.460780000000000030e+02
-1.435680000000000121e+02
-8.025400000000000489e+01
-1.144290000000000020e+02
-1.102390000000000043e+02
-1.103730000000000047e+02
-1.005090000000000003e+02
-1.463120000000000118e+02
-8.621800000000000352e+01
-7.502299999999999613e+01
-1.469670000000000130e+02
-1.108559999999999945e+02
-7.675900000000000034e+01
-8.243399999999999750e+01
-1.170870000000000033e+02
-8.573799999999999955e+01
-8.140600000000000591e+01
-9.210599999999999454e+01
-1.122750000000000057e+02
-9.257200000000000273e+01
-9.798099999999999454e+01
-9.786100000000000421e+01
-1.223329999999999984e+02
-1.496529999999999916e+02
-9.584600000000000364e+01
-9.621399999999999864e+01
-8.446299999999999386e+01
-9.773199999999999932e+01
-7.765900000000000603e+01
-1.452580000000000098e+02
-7.538200000000000500e+01
-8.737199999999999989e+01
-1.140319999999999965e+02
-1.138610000000000042e+02
-1.071919999999999931e+02
-1.000979999999999990e+02
-8.215800000000000125e+01
-1.408460000000000036e+02
-7.528000000000000114e+01
-1.265739999999999981e+02
-8.353700000000000614e+01
-1.297170000000000130e+02
-8.416899999999999693e+01
-1.092699999999999960e+02
-7.583199999999999363e+01
-1.204869999999999948e+02
-1.051749999999999972e+02
-1.144969999999999999e+02
-1.081230000000000047e+02
-9.168800000000000239e+01
-7.720499999999999829e+01
-1.475600000000000023e+02
-1.072830000000000013e+02
-1.061800000000000068e+02
-1.202270000000000039e+02
-1.008419999999999987e+02
-7.868000000000000682e+01
-7.966299999999999670e+01
-1.285449999999999875e+02
-9.205899999999999750e+01
-1.149060000000000059e+02
-1.094569999999999936e+02
-8.435299999999999443e+01
-7.857699999999999818e+01
-9.583400000000000318e+01
-1.002289999999999992e+02
-1.476109999999999900e+02
-7.673900000000000432e+01
-7.969299999999999784e+01
-8.588500000000000512e+01
-8.592400000000000659e+01
-7.767400000000000659e+01
-1.246320000000000050e+02
-7.530299999999999727e+01
-9.942499999999999716e+01
-1.161940000000000026e+02
-1.499809999999999945e+02
-1.033160000000000025e+02
-1.280459999999999923e+02
-8.186599999999999966e+01
-9.139900000000000091e+01
-8.260200000000000387e+01
-9.179699999999999704e+01
-7.715300000000000580e+01
-7.555100000000000193e+01
-7.725600000000000023e+01
-7.720300000000000296e+01
-1.002590000000000003e+02
-1.173100000000000023e+02
-1.032920000000000016e+02
-1.069309999999999974e+02
-8.040800000000000125e+01
-9.776999999999999602e+01
-1.131520000000000010e+02
-1.029939999999999998e+02
-7.540500000000000114e+01
-9.266400000000000148e+01
-7.635999999999999943e+01
-1.048220000000000027e+02
-9.476900000000000546e+01
-8.045999999999999375e+01
-8.009399999999999409e+01
-8.741800000000000637e+01
-8.680800000000000693e+01
-1.142489999999999952e+02
-1.143750000000000000e+02
-8.517100000000000648e+01
-1.142909999999999968e+02
-1.139579999999999984e+02
-8.629900000000000659e+01
-7.508499999999999375e+01
-1.092210000000000036e+02
-1.096860000000000070e+02
-1.233400000000000034e+02
-1.427510000000000048e+02
-1.011350000000000051e+02
-1.133280000000000030e+02
-1.070649999999999977e+02
-7.519400000000000261e+01
-7.503400000000000603e+01
-8.502899999999999636e+01
-1.227549999999999955e+02
-1.276250000000000000e+02
-1.079939999999999998e+02
-1.213119999999999976e+02
-1.042549999999999955e+02
-9.948499999999999943e+01
-1.440550000000000068e+02
-9.231900000000000261e+01
-1.426030000000000086e+02
-1.425469999999999970e+02
-1.428389999999999986e+02
-9.277400000000000091e+01
-9.276399999999999579e+01
-9.264400000000000546e+01
-1.242980000000000018e+02
-9.321699999999999875e+01
-9.341599999999999682e+01
-9.322599999999999909e+01
-9.370099999999999341e+01
-9.289799999999999613e+01
-7.884199999999999875e+01
-7.850300000000000011e+01
-7.904800000000000182e+01
-8.255200000000000671e+01
-7.866800000000000637e+01
-9.779999999999999716e+01
-1.309410000000000025e+02
-1.132489999999999952e+02
-7.891100000000000136e+01
-8.665399999999999636e+01
-1.454660000000000082e+02
-1.425039999999999907e+02
-9.578900000000000148e+01
-1.144230000000000018e+02
-7.752800000000000580e+01
-7.750600000000000023e+01
-9.725499999999999545e+01
-9.726999999999999602e+01
-1.144180000000000064e+02
-8.259600000000000364e+01
-1.128059999999999974e+02
-1.278160000000000025e+02
-7.611700000000000443e+01
-8.065999999999999659e+01
-8.085399999999999920e+01
-9.369299999999999784e+01
-1.118739999999999952e+02
-1.086919999999999931e+02
-7.916599999999999682e+01
-1.309509999999999934e+02
-1.161350000000000051e+02
-1.183910000000000053e+02
-1.301189999999999998e+02
-1.409840000000000089e+02
-1.225480000000000018e+02
-9.167100000000000648e+01
-1.049470000000000027e+02
-7.765500000000000114e+01
-7.613899999999999579e+01
-8.059900000000000375e+01
-1.090679999999999978e+02
-7.735999999999999943e+01
-1.060859999999999985e+02
-9.244700000000000273e+01
-9.370600000000000307e+01
-1.108370000000000033e+02
-9.113700000000000045e+01
-1.054620000000000033e+02
-1.296150000000000091e+02
-1.296779999999999973e+02
-9.828000000000000114e+01
-9.103499999999999659e+01
-1.285910000000000082e+02
-8.396099999999999852e+01
-1.052279999999999944e+02
-1.254189999999999969e+02
-7.678100000000000591e+01
-1.264530000000000030e+02
-1.110870000000000033e+02
-1.003299999999999983e+02
-1.342259999999999991e+02
-7.815699999999999648e+01
-9.542100000000000648e+01
-1.273870000000000005e+02
-9.695999999999999375e+01
-1.294389999999999930e+02
-1.360960000000000036e+02
-1.355070000000000050e+02
-8.263899999999999579e+01
-8.062600000000000477e+01
-9.626099999999999568e+01
-1.067710000000000008e+02
-1.114270000000000067e+02
-9.509799999999999898e+01
-1.304749999999999943e+02
-8.612699999999999534e+01
-1.070930000000000035e+02
-1.051099999999999994e+02
-1.029609999999999985e+02
-1.037609999999999957e+02
-7.818999999999999773e+01
-1.098840000000000003e+02
-7.566700000000000159e+01
-8.485800000000000409e+01
-7.811400000000000432e+01
-7.996500000000000341e+01
-7.847499999999999432e+01
-9.171599999999999397e+01
-1.374149999999999920e+02
-1.019110000000000014e+02
-1.380250000000000057e+02
-1.007189999999999941e+02
-1.366589999999999918e+02
-9.660699999999999932e+01
-9.426800000000000068e+01
-7.803400000000000603e+01
-7.613299999999999557e+01
-1.324159999999999968e+02
-1.021099999999999994e+02
-1.020540000000000020e+02
-1.050499999999999972e+02
-8.095799999999999841e+01
-7.630599999999999739e+01
-9.168099999999999739e+01
-1.033259999999999934e+02
-8.410899999999999466e+01
-8.636799999999999500e+01
-7.998999999999999488e+01
-1.020900000000000034e+02
-8.617499999999999716e+01
-1.110409999999999968e+02
-8.285299999999999443e+01
-8.101000000000000512e+01
-1.135780000000000030e+02
-1.316539999999999964e+02
-9.820600000000000307e+01
-7.762999999999999545e+01
-7.753000000000000114e+01
-7.760099999999999909e+01
-9.202500000000000568e+01
-7.682999999999999829e+01
-8.101800000000000068e+01
-7.752299999999999613e+01
-9.325199999999999534e+01
-7.763299999999999557e+01
-1.121809999999999974e+02
-7.858499999999999375e+01
-1.497239999999999895e+02
-7.776300000000000523e+01
-1.004740000000000038e+02
-7.700100000000000477e+01
-1.124749999999999943e+02
-7.564799999999999613e+01
-9.892600000000000193e+01
-9.884000000000000341e+01
-1.311330000000000098e+02
-7.605299999999999727e+01
-1.241830000000000069e+02
-1.073559999999999945e+02
-1.107369999999999948e+02
-1.134519999999999982e+02
-1.050990000000000038e+02
-1.213979999999999961e+02
-7.500799999999999557e+01
-7.768500000000000227e+01
-7.603100000000000591e+01
-9.409300000000000352e+01
-1.042180000000000035e+02
-1.091719999999999970e+02
-8.268099999999999739e+01
-1.490430000000000064e+02
-7.808499999999999375e+01
-1.022379999999999995e+02
-1.002159999999999940e+02
-8.914499999999999602e+01
-8.852400000000000091e+01
-7.689900000000000091e+01
-1.306870000000000118e+02
-7.501500000000000057e+01
-9.070900000000000318e+01
-8.589100000000000534e+01
-7.957800000000000296e+01
-7.577899999999999636e+01
-7.832299999999999329e+01
-8.689600000000000080e+01
-7.543999999999999773e+01
-1.006910000000000025e+02
-7.537699999999999534e+01
-7.547899999999999920e+01
-1.150759999999999934e+02
-7.824699999999999989e+01
-7.811799999999999500e+01
-7.806999999999999318e+01
-7.801800000000000068e+01
-8.270000000000000284e+01
-1.132969999999999970e+02
-1.134500000000000028e+02
-7.896099999999999852e+01
-1.118340000000000032e+02
-1.150409999999999968e+02
-1.005090000000000003e+02
-9.916599999999999682e+01
-7.873199999999999932e+01
-7.813500000000000512e+01
-9.165200000000000102e+01
-1.257710000000000008e+02
-8.475499999999999545e+01
-1.121470000000000056e+02
-1.149350000000000023e+02
-1.302239999999999895e+02
-1.292400000000000091e+02
-1.261080000000000041e+02
-7.554900000000000659e+01
-8.244899999999999807e+01
-8.531999999999999318e+01
-8.529699999999999704e+01
-8.268500000000000227e+01
-1.124249999999999972e+02
-1.291560000000000059e+02
-8.278600000000000136e+01
-8.679900000000000659e+01
-8.663599999999999568e+01
-7.615900000000000603e+01
-1.091779999999999973e+02
-8.588200000000000500e+01
-1.289879999999999995e+02
-1.163880000000000052e+02
-1.130379999999999967e+02
-9.047499999999999432e+01
-9.140000000000000568e+01
-1.145720000000000027e+02
-1.026359999999999957e+02
-9.383899999999999864e+01
-9.975000000000000000e+01
-1.009300000000000068e+02
-7.782200000000000273e+01
-7.849399999999999977e+01
-7.961199999999999477e+01
-8.723900000000000432e+01
-1.407930000000000064e+02
-1.295120000000000005e+02
-1.113739999999999952e+02
-8.271899999999999409e+01
-1.048520000000000039e+02
-7.840600000000000591e+01
-8.663200000000000500e+01
-1.196380000000000052e+02
-9.147100000000000364e+01
-8.520399999999999352e+01
-9.153400000000000603e+01
-1.060589999999999975e+02
-9.105899999999999750e+01
-1.322359999999999900e+02
-9.660200000000000387e+01
-9.661700000000000443e+01
-1.049890000000000043e+02
-8.970399999999999352e+01
-9.234099999999999397e+01
-8.737000000000000455e+01
-1.039539999999999935e+02
-1.424720000000000084e+02
-7.571500000000000341e+01
-9.357099999999999795e+01
-9.154600000000000648e+01
-1.008649999999999949e+02
-1.010630000000000024e+02
-1.010280000000000058e+02
-1.416579999999999870e+02
-1.223940000000000055e+02
-1.012229999999999990e+02
-1.014459999999999980e+02
-1.069819999999999993e+02
-1.028010000000000019e+02
-1.085040000000000049e+02
-1.084759999999999991e+02
-9.361299999999999955e+01
-9.780100000000000193e+01
-1.329329999999999927e+02
-9.462300000000000466e+01
-8.227400000000000091e+01
-8.284699999999999420e+01
-1.120769999999999982e+02
-9.806900000000000261e+01
-9.337399999999999523e+01
-1.033340000000000032e+02
-1.273179999999999978e+02
-1.215979999999999990e+02
-8.347700000000000387e+01
-9.219599999999999795e+01
-1.156389999999999958e+02
-1.013709999999999951e+02
-9.084099999999999397e+01
-9.071500000000000341e+01
-7.618800000000000239e+01
-1.286510000000000105e+02
-7.936299999999999955e+01
-7.877299999999999613e+01
-8.051600000000000534e+01
-7.941500000000000625e+01
-8.646299999999999386e+01
-7.901999999999999602e+01
-1.217270000000000039e+02
-1.059129999999999967e+02
-8.274200000000000443e+01
-7.978000000000000114e+01
-7.542900000000000205e+01
-8.022199999999999420e+01
-9.127200000000000557e+01
-1.219939999999999998e+02
-1.188340000000000032e+02
-1.188359999999999985e+02
-1.189549999999999983e+02
-1.187960000000000065e+02
-1.149099999999999966e+02
-7.518099999999999739e+01
-7.576300000000000523e+01
-9.190999999999999659e+01
-8.266899999999999693e+01
-1.083689999999999998e+02
-8.848900000000000432e+01
-1.215720000000000027e+02
-7.999599999999999511e+01
-9.137500000000000000e+01
-7.812699999999999534e+01
-1.439590000000000032e+02
-1.061200000000000045e+02
-7.765200000000000102e+01
-9.841800000000000637e+01
-9.823499999999999943e+01
-1.078859999999999957e+02
-1.242999999999999972e+02
-1.297359999999999900e+02
-7.918699999999999761e+01
-1.142549999999999955e+02
-1.279189999999999969e+02
-8.143200000000000216e+01
-8.584199999999999875e+01
-1.040150000000000006e+02
-1.156400000000000006e+02
-8.094700000000000273e+01
-8.091100000000000136e+01
-1.070529999999999973e+02
-8.605700000000000216e+01
-9.381100000000000705e+01
-1.190300000000000011e+02
-1.007549999999999955e+02
-9.942199999999999704e+01
-1.019959999999999951e+02
-1.024579999999999984e+02
-1.107150000000000034e+02
-7.840099999999999625e+01
-1.279000000000000057e+02
-9.039900000000000091e+01
-1.274129999999999967e+02
-9.230100000000000193e+01
-8.754000000000000625e+01
-7.600900000000000034e+01
-9.192900000000000205e+01
-9.201500000000000057e+01
-8.573399999999999466e+01
-8.342700000000000671e+01
-9.155599999999999739e+01
-1.140879999999999939e+02
-1.300540000000000020e+02
-7.515800000000000125e+01
-9.829300000000000637e+01
-9.834600000000000364e+01
-9.900400000000000489e+01
-8.931300000000000239e+01
-8.921099999999999852e+01
-8.643099999999999739e+01
-8.408100000000000307e+01
-8.266800000000000637e+01
-7.987399999999999523e+01
-9.173900000000000432e+01
-8.929200000000000159e+01
-9.028799999999999670e+01
-1.242009999999999934e+02
-9.225600000000000023e+01
-7.665200000000000102e+01
-1.442179999999999893e+02
-1.125070000000000050e+02
-1.027300000000000040e+02
-9.523600000000000421e+01
-1.142870000000000061e+02
-1.138469999999999942e+02
-1.009659999999999940e+02
-7.888899999999999579e+01
-8.312900000000000489e+01
-8.318500000000000227e+01
-8.270000000000000284e+01
-7.809099999999999397e+01
-9.137699999999999534e+01
-1.179330000000000069e+02
-1.203040000000000020e+02
-8.266899999999999693e+01
-1.092660000000000053e+02
-1.093750000000000000e+02
-7.502800000000000580e+01
-8.293300000000000693e+01
-1.094560000000000031e+02
-9.753700000000000614e+01
-1.413110000000000070e+02
-8.378799999999999670e+01
-8.368899999999999295e+01
-1.234039999999999964e+02
-1.084369999999999976e+02
-1.474420000000000073e+02
-8.715999999999999659e+01
-1.269639999999999986e+02
-7.589900000000000091e+01
-1.126029999999999944e+02
-1.246200000000000045e+02
-1.118550000000000040e+02
-1.475349999999999966e+02
-9.318000000000000682e+01
-8.267000000000000171e+01
-9.094599999999999795e+01
-1.138020000000000067e+02
-7.941599999999999682e+01
-7.976600000000000534e+01
-7.628199999999999648e+01
-8.230700000000000216e+01
-8.030100000000000193e+01
-1.146520000000000010e+02
-9.191299999999999670e+01
-1.026059999999999945e+02
-9.168500000000000227e+01
-1.251509999999999962e+02
-1.424509999999999934e+02
-1.123400000000000034e+02
-1.120900000000000034e+02
-1.090540000000000020e+02
-1.060739999999999981e+02
-1.154479999999999933e+02
-8.238700000000000045e+01
-1.217079999999999984e+02
-1.365759999999999934e+02
-1.354519999999999982e+02
-1.307649999999999864e+02
-1.288830000000000098e+02
-9.849099999999999966e+01
-1.285889999999999986e+02
-9.224699999999999989e+01
-1.491519999999999868e+02
-8.657299999999999329e+01
-8.650900000000000034e+01
-1.059080000000000013e+02
-1.337719999999999914e+02
-9.326300000000000523e+01
-1.269129999999999967e+02
-1.109549999999999983e+02
-9.428000000000000114e+01
-1.185049999999999955e+02
-1.157650000000000006e+02
-8.630599999999999739e+01
-8.008199999999999363e+01
-1.162639999999999958e+02
-1.365840000000000032e+02
-8.897599999999999909e+01
-1.277210000000000036e+02
-1.274909999999999997e+02
-1.224449999999999932e+02
-8.667000000000000171e+01
-7.742000000000000171e+01
-7.578700000000000614e+01
-8.680800000000000693e+01
-9.007299999999999329e+01
-1.084879999999999995e+02
-9.154900000000000659e+01
-1.134429999999999978e+02
-7.586199999999999477e+01
-1.201099999999999994e+02
-8.601399999999999579e+01
-1.243089999999999975e+02
-7.885200000000000387e+01
-1.320200000000000102e+02
-1.324499999999999886e+02
-1.365529999999999973e+02
-9.718500000000000227e+01
-1.023679999999999950e+02
-1.016219999999999999e+02
-1.242560000000000002e+02
-8.972499999999999432e+01
-1.025969999999999942e+02
-9.821099999999999852e+01
-8.587800000000000011e+01
-1.243050000000000068e+02
-9.141800000000000637e+01
-1.048439999999999941e+02
-1.030010000000000048e+02
-1.026509999999999962e+02
-9.725799999999999557e+01
-8.607999999999999829e+01
-9.254699999999999704e+01
-1.167789999999999964e+02
-9.387800000000000011e+01
-1.178529999999999944e+02
-1.184509999999999934e+02
-1.184360000000000070e+02
-1.288849999999999909e+02
-8.281999999999999318e+01
-8.241100000000000136e+01
-1.082420000000000044e+02
-8.915500000000000114e+01
-7.738800000000000523e+01
-9.771999999999999886e+01
-1.071959999999999980e+02
-7.901999999999999602e+01
-8.263599999999999568e+01
-7.903000000000000114e+01
-7.884300000000000352e+01
-1.139410000000000025e+02
-7.929699999999999704e+01
-7.606600000000000250e+01
-7.766400000000000148e+01
-7.778600000000000136e+01
-7.755899999999999750e+01
-7.786700000000000443e+01
-9.461899999999999977e+01
-9.226099999999999568e+01
-9.457800000000000296e+01
-8.338100000000000023e+01
-8.641400000000000148e+01
-8.136700000000000443e+01
-1.423789999999999907e+02
-7.594599999999999795e+01
-1.083509999999999991e+02
-1.082219999999999942e+02
-9.715000000000000568e+01
-8.535699999999999932e+01
-9.729300000000000637e+01
-1.243689999999999998e+02
-1.241959999999999980e+02
-8.250100000000000477e+01
-8.255299999999999727e+01
-8.994499999999999318e+01
-7.803199999999999648e+01
-7.808299999999999841e+01
-1.181340000000000003e+02
-8.593200000000000216e+01
-8.959999999999999432e+01
-8.055599999999999739e+01
-1.090270000000000010e+02
-1.089030000000000058e+02
-8.698099999999999454e+01
-1.431949999999999932e+02
-1.430989999999999895e+02
-1.157930000000000064e+02
-1.159530000000000030e+02
-1.426020000000000039e+02
-1.426769999999999925e+02
-1.427400000000000091e+02
-9.083599999999999852e+01
-1.010999999999999943e+02
-1.139260000000000019e+02
-1.427489999999999952e+02
-1.428890000000000100e+02
-8.294100000000000250e+01
-1.241520000000000010e+02
-1.028880000000000052e+02
-1.080199999999999960e+02
-1.428739999999999952e+02
-1.133050000000000068e+02
-1.136440000000000055e+02
-8.590999999999999659e+01
-9.106499999999999773e+01
-1.109809999999999945e+02
-1.127189999999999941e+02
-1.106790000000000020e+02
-1.336879999999999882e+02
-7.784099999999999397e+01
-7.738599999999999568e+01
-1.061050000000000040e+02
-1.044689999999999941e+02
-9.050199999999999534e+01
-8.274299999999999500e+01
-9.084399999999999409e+01
-1.058790000000000049e+02
-8.266100000000000136e+01
-1.232000000000000028e+02
-7.502500000000000568e+01
-1.052150000000000034e+02
-9.927800000000000580e+01
-1.391080000000000041e+02
-1.325850000000000080e+02
-9.464700000000000557e+01
-7.957999999999999829e+01
-1.470720000000000027e+02
-9.918800000000000239e+01
-1.049350000000000023e+02
-1.056899999999999977e+02
-1.031919999999999931e+02
-9.365999999999999659e+01
-1.217699999999999960e+02
-1.150729999999999933e+02
-8.413299999999999557e+01
-1.068810000000000002e+02
-1.054489999999999981e+02
-1.147120000000000033e+02
-1.090499999999999972e+02
-8.476900000000000546e+01
-8.477500000000000568e+01
-8.629699999999999704e+01
-8.641100000000000136e+01
-8.348399999999999466e+01
-9.158400000000000318e+01
-8.259000000000000341e+01
-9.754900000000000659e+01
-7.719700000000000273e+01
-1.006850000000000023e+02
-1.031949999999999932e+02
-1.267849999999999966e+02
-1.043070000000000022e+02
-8.023199999999999932e+01
-7.555700000000000216e+01
-1.141730000000000018e+02
-8.217600000000000193e+01
-8.196599999999999397e+01
-8.422899999999999920e+01
-1.059030000000000058e+02
-1.059320000000000022e+02
-1.118790000000000049e+02
-1.280860000000000127e+02
-1.127079999999999984e+02
-1.129569999999999936e+02
-8.464900000000000091e+01
-1.315109999999999957e+02
-8.523099999999999454e+01
-8.093600000000000705e+01
-7.974800000000000466e+01
-9.827200000000000557e+01
-7.811799999999999500e+01
-7.713599999999999568e+01
-7.708299999999999841e+01
-7.548999999999999488e+01
-1.325260000000000105e+02
-8.307200000000000273e+01
-9.161499999999999488e+01
-7.971099999999999852e+01
-8.351500000000000057e+01
-7.765399999999999636e+01
-8.268999999999999773e+01
-7.718200000000000216e+01
-8.243899999999999295e+01
-1.029980000000000047e+02
-7.887300000000000466e+01
-8.963500000000000512e+01
-1.085669999999999931e+02
-1.257609999999999957e+02
-1.013689999999999998e+02
-1.255060000000000002e+02
-1.241099999999999994e+02
-1.255859999999999985e+02
-8.090300000000000580e+01
-1.160210000000000008e+02
-1.160379999999999967e+02
-1.160019999999999953e+02
-9.093099999999999739e+01
-1.227469999999999999e+02
-1.055639999999999930e+02
-1.232999999999999972e+02
-7.735800000000000409e+01
-1.160510000000000019e+02
-1.286819999999999879e+02
-1.287539999999999907e+02
-1.096509999999999962e+02
-1.293870000000000005e+02
-1.093700000000000045e+02
-9.212300000000000466e+01
-8.430100000000000193e+01
-1.231029999999999944e+02
-1.161850000000000023e+02
-1.138610000000000042e+02
-8.643200000000000216e+01
-1.303369999999999891e+02
-1.300080000000000098e+02
-1.165169999999999959e+02
-1.097579999999999956e+02
-1.240679999999999978e+02
-1.242540000000000049e+02
-1.244069999999999965e+02
-7.601800000000000068e+01
-8.232899999999999352e+01
-8.998600000000000421e+01
-7.788700000000000045e+01
-9.293099999999999739e+01
-1.012650000000000006e+02
-8.237199999999999989e+01
-1.165319999999999965e+02
-1.168169999999999931e+02
-1.163169999999999931e+02
-1.112549999999999955e+02
-7.656399999999999295e+01
-1.061850000000000023e+02
-7.852700000000000102e+01
-1.428679999999999950e+02
-7.560399999999999920e+01
-8.738599999999999568e+01
-8.680800000000000693e+01
-8.673600000000000421e+01
-8.735899999999999466e+01
-8.654399999999999693e+01
-8.679500000000000171e+01
-9.071999999999999886e+01
-7.672299999999999898e+01
-7.676300000000000523e+01
-7.677800000000000580e+01
-1.024009999999999962e+02
-1.424590000000000032e+02
-7.802700000000000102e+01
-7.651600000000000534e+01
-1.338810000000000002e+02
-1.179950000000000045e+02
-9.837999999999999545e+01
-9.832699999999999818e+01
-1.178239999999999981e+02
-9.103199999999999648e+01
-7.740200000000000102e+01
-8.751399999999999579e+01
-1.036389999999999958e+02
-1.124879999999999995e+02
-1.120319999999999965e+02
-8.361299999999999955e+01
-1.193409999999999940e+02
-1.306930000000000121e+02
-9.072199999999999420e+01
-8.023300000000000409e+01
-9.278400000000000603e+01
-9.276900000000000546e+01
-9.271800000000000352e+01
-9.264400000000000546e+01
-9.234699999999999420e+01
-9.053100000000000591e+01
-8.643899999999999295e+01
-9.331699999999999307e+01
-1.220019999999999953e+02
-1.220919999999999987e+02
-1.059339999999999975e+02
-9.485200000000000387e+01
-1.027740000000000009e+02
-9.875199999999999534e+01
-1.280149999999999864e+02
-1.474579999999999984e+02
-9.401099999999999568e+01
-8.608799999999999386e+01
-1.185750000000000028e+02
-1.187860000000000014e+02
-7.701999999999999602e+01
-1.109650000000000034e+02
-1.288590000000000089e+02
-8.951300000000000523e+01
-9.720799999999999841e+01
-1.137489999999999952e+02
-9.240399999999999636e+01
-8.812600000000000477e+01
-1.091290000000000049e+02
-9.196200000000000330e+01
-8.597499999999999432e+01
-1.005529999999999973e+02
-7.878900000000000148e+01
-7.597100000000000364e+01
-9.815999999999999659e+01
-9.731199999999999761e+01
-1.280889999999999986e+02
-1.257759999999999962e+02
-1.111239999999999952e+02
-1.197129999999999939e+02
-7.665900000000000603e+01
-7.917000000000000171e+01
-1.275430000000000064e+02
-1.037129999999999939e+02
-1.423810000000000002e+02
-1.014009999999999962e+02
-1.232450000000000045e+02
-8.268300000000000693e+01
-7.657999999999999829e+01
-1.255819999999999936e+02
-8.268800000000000239e+01
-8.506399999999999295e+01
-7.687800000000000011e+01
-1.342609999999999957e+02
-1.075250000000000057e+02
-8.834000000000000341e+01
-8.817000000000000171e+01
-7.754800000000000182e+01
-8.176000000000000512e+01
-1.101910000000000025e+02
-1.102129999999999939e+02
-7.558899999999999864e+01
-1.413959999999999866e+02
-1.104290000000000020e+02
-9.423000000000000398e+01
-1.223619999999999948e+02
-1.224969999999999999e+02
-9.861400000000000432e+01
-7.853700000000000614e+01
-7.782200000000000273e+01
-7.777800000000000580e+01
-7.780899999999999750e+01
-1.044470000000000027e+02
-1.485190000000000055e+02
-7.777500000000000568e+01
-1.042079999999999984e+02
-1.040079999999999956e+02
-1.061260000000000048e+02
-9.346599999999999397e+01
-7.950000000000000000e+01
-1.040520000000000067e+02
-1.055639999999999930e+02
-1.055619999999999976e+02
-1.055750000000000028e+02
-1.070919999999999987e+02
-1.048139999999999930e+02
-7.541800000000000637e+01
-7.984499999999999886e+01
-9.810999999999999943e+01
-9.795099999999999341e+01
-9.117199999999999704e+01
-8.687199999999999989e+01
-8.672700000000000387e+01
-1.093649999999999949e+02
-9.733299999999999841e+01
-8.803499999999999659e+01
-7.865600000000000591e+01
-1.258529999999999944e+02
-9.354500000000000171e+01
-7.938400000000000034e+01
-1.217450000000000045e+02
-1.148340000000000032e+02
-1.010210000000000008e+02
-1.142360000000000042e+02
-8.091800000000000637e+01
-1.364950000000000045e+02
-8.271899999999999409e+01
-1.044639999999999986e+02
-1.042270000000000039e+02
-8.422700000000000387e+01
-8.420199999999999818e+01
-1.134579999999999984e+02
-1.132159999999999940e+02
-1.130979999999999990e+02
-1.046790000000000020e+02
-8.661400000000000432e+01
-1.280490000000000066e+02
-1.297889999999999873e+02
-1.163139999999999930e+02
-1.454970000000000141e+02
-7.736700000000000443e+01
-7.556300000000000239e+01
-7.557200000000000273e+01
-7.574299999999999500e+01
-7.565099999999999625e+01
-7.558299999999999841e+01
-7.524899999999999523e+01
-7.534000000000000341e+01
-7.568800000000000239e+01
-8.604500000000000171e+01
-9.220499999999999829e+01
-8.880800000000000693e+01
-9.304300000000000637e+01
-1.028100000000000023e+02
-9.204300000000000637e+01
-7.619299999999999784e+01
-7.644700000000000273e+01
-8.239400000000000546e+01
-1.073689999999999998e+02
-9.787399999999999523e+01
-8.284900000000000375e+01
-1.016410000000000053e+02
-1.360370000000000061e+02
-1.025090000000000003e+02
-1.081290000000000049e+02
-8.263700000000000045e+01
-1.147309999999999945e+02
-8.084300000000000352e+01
-8.797299999999999898e+01
-9.815600000000000591e+01
-1.057860000000000014e+02
-7.569700000000000273e+01
-1.288969999999999914e+02
-1.330589999999999975e+02
-7.659900000000000375e+01
-8.881100000000000705e+01
-9.068200000000000216e+01
-7.579099999999999682e+01
-9.887300000000000466e+01
-8.868999999999999773e+01
-9.025900000000000034e+01
-9.225600000000000023e+01
-9.151699999999999591e+01
-1.121200000000000045e+02
-7.984300000000000352e+01
-1.108520000000000039e+02
-9.712800000000000011e+01
-9.625300000000000011e+01
-9.134999999999999432e+01
-7.504699999999999704e+01
-1.011200000000000045e+02
-9.080800000000000693e+01
-1.029240000000000066e+02
-1.030349999999999966e+02
-9.375400000000000489e+01
-7.582200000000000273e+01
-8.031000000000000227e+01
-1.356419999999999959e+02
-8.799800000000000466e+01
-1.305029999999999859e+02
-9.777599999999999625e+01
-1.079629999999999939e+02
-8.642900000000000205e+01
-1.424710000000000036e+02
-1.430689999999999884e+02
-7.938400000000000034e+01
-1.133910000000000053e+02
-8.279800000000000182e+01
-1.473410000000000082e+02
-7.567799999999999727e+01
-8.268999999999999773e+01
-1.409310000000000116e+02
-8.272299999999999898e+01
-8.757800000000000296e+01
-7.767400000000000659e+01
-1.029959999999999951e+02
-9.473799999999999955e+01
-9.190399999999999636e+01
-1.107930000000000064e+02
-9.074599999999999511e+01
-9.745000000000000284e+01
-1.015490000000000066e+02
-1.291939999999999884e+02
-1.232339999999999947e+02
-8.828600000000000136e+01
-7.906799999999999784e+01
-8.404699999999999704e+01
-8.396599999999999397e+01
-7.500600000000000023e+01
-7.746899999999999409e+01
-9.686899999999999977e+01
-1.164350000000000023e+02
-1.249969999999999999e+02
-1.071760000000000019e+02
-8.238200000000000500e+01
-9.728199999999999648e+01
-9.109199999999999875e+01
-8.274599999999999511e+01
-1.014369999999999976e+02
-1.369099999999999966e+02
-1.270799999999999983e+02
-7.865000000000000568e+01
-1.144599999999999937e+02
-9.240999999999999659e+01
-1.175600000000000023e+02
-1.249399999999999977e+02
-8.100000000000000000e+01
-1.302800000000000011e+02
-8.531000000000000227e+01
-9.895000000000000284e+01
-1.025499999999999972e+02
-1.030799999999999983e+02
-8.054000000000000625e+01
-1.280500000000000114e+02
-9.201999999999999602e+01
-9.078000000000000114e+01
-1.096599999999999966e+02
-1.095300000000000011e+02
-7.781000000000000227e+01
-7.996999999999999886e+01
-9.387000000000000455e+01
-8.268999999999999773e+01
-1.289600000000000080e+02
-8.870000000000000284e+01
-8.845000000000000284e+01
-9.268000000000000682e+01
-9.100000000000000000e+01
-8.893999999999999773e+01
-8.900000000000000000e+01
-1.338700000000000045e+02
-1.225799999999999983e+02
-8.873999999999999488e+01
-1.045300000000000011e+02
-1.441500000000000057e+02
-1.044399999999999977e+02
-1.044800000000000040e+02
-1.233299999999999983e+02
-8.276000000000000512e+01
-1.368499999999999943e+02
-1.365200000000000102e+02
-1.283300000000000125e+02
-7.589000000000000057e+01
-1.000100000000000051e+02
-1.322500000000000000e+02
-8.225000000000000000e+01
-1.070300000000000011e+02
-9.310999999999999943e+01
-1.007600000000000051e+02
-1.290300000000000011e+02
-9.315000000000000568e+01
-1.049300000000000068e+02
-9.589000000000000057e+01
-1.005199999999999960e+02
-7.631000000000000227e+01
-1.162000000000000028e+02
-1.009000000000000057e+02
-1.012199999999999989e+02
-8.101999999999999602e+01
-1.223400000000000034e+02
-8.392000000000000171e+01
-1.054300000000000068e+02
-1.273799999999999955e+02
-1.406999999999999886e+02
-8.278000000000000114e+01
-8.285999999999999943e+01
-8.285999999999999943e+01
-1.085699999999999932e+02
-1.429099999999999966e+02
-1.481500000000000057e+02
-1.477299999999999898e+02
-9.126999999999999602e+01
-1.142600000000000051e+02
-8.559000000000000341e+01
-7.929000000000000625e+01
-1.291399999999999864e+02
-9.084999999999999432e+01
-1.040600000000000023e+02
-1.042900000000000063e+02
-9.285999999999999943e+01
-1.105600000000000023e+02
-8.234999999999999432e+01
-1.055600000000000023e+02
-8.264000000000000057e+01
-1.343700000000000045e+02
-1.069699999999999989e+02
-9.106000000000000227e+01
-1.150400000000000063e+02
-1.060499999999999972e+02
-7.768999999999999773e+01
-1.210699999999999932e+02
-8.284000000000000341e+01
-1.013499999999999943e+02
-1.146800000000000068e+02
-8.289000000000000057e+01
-1.088700000000000045e+02
-8.690000000000000568e+01
-9.806000000000000227e+01
-8.603000000000000114e+01
-8.348000000000000398e+01
-8.776000000000000512e+01
-9.792000000000000171e+01
-8.256000000000000227e+01
-1.345399999999999920e+02
-8.710999999999999943e+01
-1.159500000000000028e+02
-1.269099999999999966e+02
-1.270900000000000034e+02
-1.122300000000000040e+02
-9.498999999999999488e+01
-8.153000000000000114e+01
-1.127300000000000040e+02
-1.203199999999999932e+02
-8.670000000000000284e+01
-1.289399999999999977e+02
-7.746999999999999886e+01
-8.412999999999999545e+01
-9.014000000000000057e+01
-1.139099999999999966e+02
-8.940000000000000568e+01
-8.137999999999999545e+01
-1.249000000000000057e+02
-8.085999999999999943e+01
-8.084999999999999432e+01
-8.092000000000000171e+01
-8.132999999999999829e+01
-8.115000000000000568e+01
-1.076299999999999955e+02
-8.615000000000000568e+01
-9.135999999999999943e+01
-7.790000000000000568e+01
-1.321200000000000045e+02
-8.273000000000000398e+01
-1.091400000000000006e+02
-1.391599999999999966e+02
-8.095999999999999375e+01
-1.259800000000000040e+02
-8.054999999999999716e+01
-1.266099999999999994e+02
-1.009800000000000040e+02
-1.073199999999999932e+02
-8.287000000000000455e+01
-8.623999999999999488e+01
-8.635999999999999943e+01
-1.027500000000000000e+02
-9.728000000000000114e+01
-8.553000000000000114e+01
-8.248999999999999488e+01
-1.422400000000000091e+02
-8.748000000000000398e+01
-7.642000000000000171e+01
-7.695000000000000284e+01
-8.275000000000000000e+01
-1.358000000000000114e+02
-7.753000000000000114e+01
-8.226000000000000512e+01
-1.121099999999999994e+02
-8.237999999999999545e+01
-7.776999999999999602e+01
-9.050000000000000000e+01
-1.069899999999999949e+02
-8.287999999999999545e+01
-8.540999999999999659e+01
-9.417000000000000171e+01
-1.112000000000000028e+02
-1.010799999999999983e+02
-8.662999999999999545e+01
-1.223299999999999983e+02
-7.665999999999999659e+01
-7.664000000000000057e+01
-1.049599999999999937e+02
-1.341999999999999886e+02
-9.121999999999999886e+01
-7.851999999999999602e+01
-1.227800000000000011e+02
-1.120799999999999983e+02
-8.048999999999999488e+01
-1.104200000000000017e+02
-1.105999999999999943e+02
-7.853000000000000114e+01
-7.848999999999999488e+01
-1.232199999999999989e+02
-1.235699999999999932e+02
-1.002300000000000040e+02
-1.088599999999999994e+02
-8.057999999999999829e+01
-9.068000000000000682e+01
-9.065999999999999659e+01
-1.000300000000000011e+02
-9.362999999999999545e+01
-1.055000000000000000e+02
-7.660999999999999943e+01
-7.615000000000000568e+01
-7.615000000000000568e+01
-7.662000000000000455e+01
-7.629000000000000625e+01
-7.660999999999999943e+01
-1.097000000000000028e+02
-1.233400000000000034e+02
-7.795000000000000284e+01
-1.472700000000000102e+02
-7.923999999999999488e+01
