-1.050000000000000000e+02
1.460000000000000000e+02
-8.550000000000000000e+01
1.650000000000000000e+02
1.480000000000000000e+02
-1.534799999999999898e+02
-6.600000000000000000e+01
1.460000000000000000e+02
-8.200000000000000000e+01
-1.350000000000000000e+02
1.490000000000000000e+02
1.600000000000000000e+02
1.300000000000000000e+02
1.425000000000000000e+02
1.700000000000000000e+02
1.423000000000000114e+02
-8.700000000000000000e+01
-1.100000000000000000e+02
-1.770000000000000000e+02
1.500000000000000000e+02
-9.100000000000000000e+01
7.700000000000000000e+01
1.460000000000000000e+02
-9.300000000000000000e+01
7.050000000000000000e+01
-1.140000000000000000e+02
-1.750000000000000000e+02
-9.800000000000000000e+01
9.800000000000000000e+01
1.060000000000000000e+02
-1.750000000000000000e+02
2.296999999999999886e+01
1.270000000000000000e+02
-7.900000000000000000e+01
2.325000000000000000e+01
1.350000000000000000e+02
1.590000000000000000e+02
1.590000000000000000e+02
1.590000000000000000e+02
1.310000000000000000e+02
-1.510000000000000000e+02
-8.300000000000000000e+01
1.230000000000000000e+02
-1.780000000000000000e+02
-1.730000000000000000e+02
1.680000000000000000e+02
7.600000000000000000e+01
-1.750000000000000000e+02
1.418000000000000114e+02
9.729999999999999716e+01
1.430000000000000000e+02
9.490000000000000568e+01
1.430000000000000000e+02
1.650000000000000000e+02
4.200000000000000000e+01
-1.130000000000000000e+02
1.370000000000000000e+02
-8.000000000000000000e+01
1.600000000000000000e+02
8.000000000000000000e+01
-1.100000000000000000e+02
1.204000000000000057e+02
-1.225499999999999972e+02
1.450000000000000000e+02
9.200000000000000000e+01
1.783600000000000136e+02
-7.140000000000000568e+01
-7.000000000000000000e+01
1.490000000000000000e+02
-7.900000000000000000e+01
1.490000000000000000e+02
1.210000000000000000e+02
1.090000000000000000e+02
-6.100000000000000000e+01
-1.720000000000000000e+02
8.500000000000000000e+01
-1.539000000000000057e+02
-1.750999999999999943e+02
9.450000000000000000e+01
1.220000000000000000e+02
-1.770000000000000000e+02
-1.000000000000000000e+02
1.230000000000000000e+02
1.536999999999999886e+02
1.480000000000000000e+02
1.270000000000000000e+02
1.570000000000000000e+02
1.730000000000000000e+02
-1.125000000000000000e+02
6.900000000000000000e+01
-8.629999999999999716e+01
1.418000000000000114e+02
1.000000000000000000e+02
-9.900000000000000000e+01
-4.000000000000000000e+01
-7.800000000000000000e+01
-1.790000000000000000e+02
1.415000000000000000e+02
1.225000000000000000e+02
1.270000000000000000e+02
1.470000000000000000e+02
1.310000000000000000e+02
1.010000000000000000e+02
-7.050000000000000000e+01
7.050000000000000000e+01
-1.005000000000000000e+02
1.720000000000000000e+02
1.310999999999999943e+02
1.220000000000000000e+02
-8.400000000000000000e+01
1.380000000000000000e+02
1.700000000000000000e+02
-6.000000000000000000e+00
1.230000000000000000e+02
1.690000000000000000e+02
1.690000000000000000e+02
1.690000000000000000e+02
1.695000000000000000e+02
-1.760000000000000000e+02
-1.790000000000000000e+02
-7.000000000000000000e+01
1.510000000000000000e+02
-6.900000000000000000e+01
1.660000000000000000e+02
1.665000000000000000e+02
-2.200000000000000000e+01
1.670000000000000000e+02
1.625000000000000000e+02
3.100000000000000000e+01
-1.780000000000000000e+02
1.265000000000000000e+02
7.750000000000000000e+01
7.300000000000000000e+01
1.570000000000000000e+02
-1.025000000000000000e+02
1.300000000000000000e+02
7.050000000000000000e+01
1.260000000000000000e+02
1.370000000000000000e+02
-1.760000000000000000e+02
-7.200000000000000000e+01
1.800000000000000000e+02
1.690000000000000000e+02
-1.005000000000000000e+02
9.700000000000000000e+01
-1.470000000000000000e+02
1.670000000000000000e+02
2.700000000000000000e+01
1.270000000000000000e+02
1.380000000000000000e+02
-1.550000000000000000e+02
-6.250000000000000000e+01
-9.300000000000000000e+01
1.220000000000000000e+02
1.265000000000000000e+02
1.420000000000000000e+02
1.288000000000000114e+02
1.540000000000000000e+02
-1.740000000000000000e+02
1.555000000000000000e+02
-7.400000000000000000e+01
1.050000000000000000e+02
1.690000000000000000e+02
1.690000000000000000e+02
1.710000000000000000e+02
1.020000000000000000e+02
-7.300000000000000000e+01
-6.700000000000000000e+01
-9.200000000000000000e+01
1.630000000000000000e+02
1.370000000000000000e+02
1.025000000000000000e+02
1.290000000000000000e+02
9.150000000000000000e+01
-6.100000000000000000e+01
3.250000000000000000e+01
9.400000000000000000e+01
1.325000000000000000e+02
1.430000000000000000e+02
1.680000000000000000e+02
1.232999999999999972e+02
1.800000000000000000e+02
1.235000000000000000e+02
1.435999999999999943e+02
1.545000000000000000e+02
-6.850000000000000000e+01
1.620000000000000000e+02
1.505000000000000000e+02
-8.900000000000000000e+01
-1.175000000000000000e+02
1.429000000000000057e+02
-1.150000000000000000e+02
1.540000000000000000e+02
1.360000000000000000e+02
1.355000000000000000e+02
3.700000000000000000e+01
1.315000000000000000e+02
1.785000000000000000e+02
-9.000000000000000000e+01
5.500000000000000000e+01
-1.700000000000000000e+02
-8.500000000000000000e+01
-8.500000000000000000e+01
-6.300000000000000000e+01
1.800000000000000000e+02
1.445000000000000000e+02
8.100000000000000000e+01
1.205000000000000000e+02
1.130000000000000000e+02
1.411999999999999886e+02
-7.450000000000000000e+01
1.540000000000000000e+02
1.630000000000000000e+02
-7.850000000000000000e+01
7.050000000000000000e+01
-1.770000000000000000e+02
-1.600000000000000000e+02
-1.733499999999999943e+02
1.230000000000000000e+02
1.410000000000000000e+02
1.040000000000000000e+02
1.310000000000000000e+02
1.280000000000000000e+02
-7.400000000000000000e+01
9.679999999999999716e+01
-1.775000000000000000e+02
-9.700000000000000000e+01
1.367410000000000139e+02
1.266880000000000024e+02
1.172429999999999950e+02
-3.480199999999999960e+01
-7.189300000000000068e+01
-1.764859999999999900e+02
1.432170000000000130e+02
9.072499999999999432e+01
1.235630000000000024e+02
1.502529999999999859e+02
-6.763100000000000023e+01
1.502779999999999916e+02
1.527750000000000057e+02
1.292100000000000080e+02
1.265669999999999931e+02
-7.346399999999999864e+01
1.269369999999999976e+02
-1.779139999999999873e+02
-7.222199999999999420e+01
-7.645199999999999818e+01
-1.734300000000000068e+02
1.452330000000000041e+02
1.526289999999999907e+02
1.233149999999999977e+02
1.673369999999999891e+02
1.225000000000000000e+02
1.516850000000000023e+02
1.462379999999999995e+02
1.220799999999999983e+02
1.685300000000000011e+02
1.494010000000000105e+02
-7.498799999999999955e+01
1.053169999999999931e+02
-9.078000000000000114e+01
-1.731850000000000023e+02
-8.736100000000000421e+01
1.230000000000000000e+02
1.299149999999999920e+02
1.101770000000000067e+02
-6.895600000000000307e+01
1.272570000000000050e+02
7.072400000000000375e+01
-7.122299999999999898e+01
-7.638899999999999579e+01
-7.185899999999999466e+01
-1.255529999999999973e+02
1.571810000000000116e+02
-6.812999999999999545e+01
1.220400000000000063e+02
1.226440000000000055e+02
-7.238500000000000512e+01
1.521899999999999977e+02
-7.219299999999999784e+01
-7.075499999999999545e+01
7.093899999999999295e+01
-1.253239999999999981e+02
1.615209999999999866e+02
1.607609999999999957e+02
1.626229999999999905e+02
1.249279999999999973e+02
1.012579999999999956e+02
1.625850000000000080e+02
-1.569859999999999900e+02
1.417669999999999959e+02
1.420000000000000000e+02
9.868099999999999739e+01
1.309000000000000057e+02
1.390840000000000032e+02
1.395000000000000000e+02
1.401999999999999886e+02
1.405000000000000000e+02
9.031999999999999318e+01
1.294859999999999900e+02
1.542319999999999993e+02
1.296359999999999957e+02
1.391999999999999886e+02
1.259539999999999935e+02
-1.784410000000000025e+02
1.584890000000000043e+02
1.474159999999999968e+02
8.390300000000000580e+01
8.395799999999999841e+01
1.265310000000000059e+02
7.083100000000000307e+01
1.536349999999999909e+02
1.685289999999999964e+02
1.211110000000000042e+02
1.265759999999999934e+02
-7.054600000000000648e+01
1.302669999999999959e+02
1.248490000000000038e+02
1.590269999999999868e+02
-8.875799999999999557e+01
-2.367299999999999827e+01
1.605540000000000020e+02
1.606260000000000048e+02
-6.816400000000000148e+01
1.681920000000000073e+02
2.688800000000000168e+01
1.274729999999999990e+02
2.299599999999999866e+01
1.617030000000000030e+02
1.390970000000000084e+02
-8.673600000000000421e+01
1.682259999999999991e+02
1.349240000000000066e+02
-6.967499999999999716e+01
1.204539999999999935e+02
1.023110000000000070e+02
1.309600000000000080e+02
1.421910000000000025e+02
1.316730000000000018e+02
-1.363729999999999905e+02
-7.362199999999999989e+01
1.600389999999999873e+02
8.880100000000000193e+01
1.704759999999999991e+02
-9.650499999999999545e+01
-7.855899999999999750e+01
1.429989999999999952e+02
-9.703600000000000136e+01
1.707009999999999934e+02
-9.826600000000000534e+01
-9.754999999999999716e+01
-7.168300000000000693e+01
1.248559999999999945e+02
1.548720000000000141e+02
-1.695240000000000009e+02
5.769299999999999784e+01
1.256389999999999958e+02
1.268059999999999974e+02
1.722920000000000016e+02
-2.954899999999999949e+01
-1.779099999999999966e+02
-6.873699999999999477e+01
1.427350000000000136e+02
-5.600800000000000267e+01
1.715120000000000005e+02
9.654300000000000637e+01
4.468500000000000227e+01
1.488859999999999957e+02
9.024500000000000455e+01
9.642199999999999704e+01
-9.661400000000000432e+01
9.675499999999999545e+01
1.448029999999999973e+02
1.760250000000000057e+02
1.024579999999999984e+02
1.768129999999999882e+02
1.356419999999999959e+02
1.426639999999999873e+02
-7.154600000000000648e+01
1.294910000000000139e+02
-1.607199999999999918e+01
1.420790000000000077e+02
8.996500000000000341e+01
9.011799999999999500e+01
6.717199999999999704e+01
1.454890000000000043e+02
1.025109999999999957e+02
1.610159999999999911e+02
1.614029999999999916e+02
1.611939999999999884e+02
1.319449999999999932e+02
1.544449999999999932e+02
1.550349999999999966e+02
1.261689999999999969e+02
1.790490000000000066e+02
-1.041460000000000008e+02
-1.036320000000000050e+02
1.368810000000000002e+02
1.210190000000000055e+02
-1.180840000000000032e+02
9.668999999999999773e+01
5.773199999999999932e+01
-6.996500000000000341e+01
1.446220000000000141e+02
1.425099999999999909e+02
1.044339999999999975e+02
1.035409999999999968e+02
-2.664300000000000068e+01
-7.011599999999999966e+01
1.445920000000000130e+02
8.676200000000000045e+01
1.191899999999999977e+02
1.440670000000000073e+02
1.494840000000000089e+02
-7.287699999999999534e+01
1.757379999999999995e+02
1.608029999999999973e+02
1.268569999999999993e+02
-1.475989999999999895e+02
-8.248000000000000398e+01
1.667309999999999945e+02
1.655029999999999859e+02
1.797820000000000107e+02
8.907999999999999829e+01
-1.157609999999999957e+02
1.750169999999999959e+02
1.530000000000000071e+01
1.206129999999999995e+02
6.617600000000000193e+01
1.678720000000000141e+02
-1.779190000000000111e+02
1.716459999999999866e+02
1.212570000000000050e+02
1.466339999999999861e+02
1.413300000000000125e+02
1.433180000000000121e+02
1.441560000000000059e+02
-9.248399999999999466e+01
1.611450000000000102e+02
1.257469999999999999e+02
9.814700000000000557e+01
1.332849999999999966e+02
1.265210000000000008e+02
1.564730000000000132e+02
1.608849999999999909e+02
1.270240000000000009e+02
-7.002299999999999613e+01
1.211860000000000070e+02
9.475900000000000034e+01
9.755100000000000193e+01
1.421510000000000105e+02
1.634579999999999984e+02
9.766700000000000159e+01
1.627940000000000111e+02
1.496049999999999898e+02
-1.771440000000000055e+02
-7.985299999999999443e+01
-7.639700000000000557e+01
-1.468540000000000134e+02
-9.587800000000000011e+01
1.421699999999999875e+02
1.175330000000000013e+02
1.215469999999999970e+02
-1.773979999999999961e+02
-2.691199999999999903e+01
1.615000000000000000e+02
7.067000000000000171e+01
-9.828700000000000614e+01
1.316200000000000045e+02
1.478029999999999973e+02
1.195250000000000057e+02
1.417549999999999955e+02
1.251149999999999949e+02
1.295389999999999873e+02
9.388400000000000034e+01
1.265529999999999973e+02
1.232429999999999950e+02
1.420449999999999875e+02
1.420809999999999889e+02
1.422829999999999870e+02
-1.583700000000000045e+02
-1.575509999999999877e+02
-7.220000000000000284e+01
1.553859999999999957e+02
1.593629999999999995e+02
-7.070499999999999829e+01
1.592340000000000089e+02
1.431510000000000105e+02
1.672889999999999873e+02
1.477969999999999970e+02
-8.454600000000000648e+01
1.225649999999999977e+02
3.953300000000000125e+01
1.707810000000000059e+02
1.482179999999999893e+02
1.733449999999999989e+02
-1.156970000000000027e+02
-7.762900000000000489e+01
1.307769999999999868e+02
1.781589999999999918e+02
1.398290000000000077e+02
1.530000000000000000e+02
-7.071800000000000352e+01
2.665500000000000114e+01
1.475269999999999868e+02
-6.664199999999999591e+01
-1.029569999999999936e+02
1.661390000000000100e+02
9.247799999999999443e+01
-1.776059999999999945e+02
1.536860000000000070e+02
1.228569999999999993e+02
-2.699299999999999855e+01
-5.537500000000000000e+01
1.320000000000000000e+02
-1.896000000000000085e+01
-8.315800000000000125e+01
1.203910000000000053e+02
1.348379999999999939e+02
1.205529999999999973e+02
-7.990200000000000102e+01
1.237800000000000011e+02
-9.091299999999999670e+01
-7.492000000000000171e+01
1.225949999999999989e+02
2.994699999999999918e+01
1.501750000000000114e+02
-3.564399999999999835e+01
3.645000000000000284e+01
-1.013070000000000022e+02
7.066299999999999670e+01
-2.799299999999999855e+01
-6.913100000000000023e+01
1.508820000000000050e+02
1.059869999999999948e+02
-7.143300000000000693e+01
1.245969999999999942e+02
1.272500000000000000e+02
1.017390000000000043e+02
1.010879999999999939e+02
1.433129999999999882e+02
1.097600000000000051e+02
-6.698300000000000409e+01
1.591829999999999927e+02
1.703590000000000089e+02
1.704449999999999932e+02
-1.775370000000000061e+02
9.385500000000000398e+01
-2.626300000000000168e+01
-1.509950000000000045e+02
1.341959999999999980e+02
1.700780000000000030e+02
1.006929999999999978e+02
3.339200000000000301e+01
1.437640000000000100e+02
-6.871800000000000352e+01
1.539610000000000127e+02
-6.842000000000000171e+01
3.329200000000000159e+01
-7.045099999999999341e+01
7.527899999999999636e+01
8.403100000000000591e+01
1.235939999999999941e+02
1.331459999999999866e+02
1.527330000000000041e+02
-9.284399999999999409e+01
-1.652489999999999952e+02
1.604000000000000057e+02
1.716210000000000093e+02
1.663720000000000141e+02
1.692239999999999895e+02
1.690720000000000027e+02
1.362500000000000000e+02
1.690509999999999877e+02
1.422609999999999957e+02
1.638820000000000050e+02
1.459869999999999948e+02
1.676059999999999945e+02
1.658350000000000080e+02
1.526860000000000070e+02
6.354500000000000171e+01
1.503739999999999952e+02
1.506179999999999950e+02
1.670490000000000066e+02
1.471949999999999932e+02
-1.628540000000000134e+02
-1.425200000000000067e+01
1.531659999999999968e+02
9.907200000000000273e+01
-1.250610000000000070e+02
1.693180000000000121e+02
-7.081300000000000239e+01
-6.900000000000000000e+01
-6.963100000000000023e+01
-6.343200000000000216e+01
9.695900000000000318e+01
9.573699999999999477e+01
1.457419999999999902e+02
1.531469999999999914e+02
7.180500000000000682e+01
5.466700000000000159e+01
-1.730269999999999868e+02
1.356860000000000070e+02
1.483379999999999939e+02
9.969499999999999318e+01
1.379960000000000093e+02
1.488369999999999891e+02
1.489219999999999970e+02
1.352889999999999873e+02
1.261509999999999962e+02
9.358899999999999864e+01
1.231179999999999950e+02
-1.483890000000000100e+02
-7.639600000000000080e+01
1.409319999999999879e+02
1.222530000000000001e+02
1.265999999999999943e+02
1.270100000000000051e+02
1.356160000000000139e+02
-6.970300000000000296e+01
-7.062800000000000011e+01
-1.609699999999999989e+02
1.005769999999999982e+02
-7.405100000000000193e+01
-1.737640000000000100e+02
5.846600000000000108e+01
8.403100000000000591e+01
7.085899999999999466e+01
1.276700000000000017e+02
-7.273000000000000398e+01
-6.910699999999999932e+01
1.255540000000000020e+02
7.070799999999999841e+01
1.691879999999999882e+02
-1.742319999999999993e+02
-1.331040000000000134e+02
1.535949999999999989e+02
-1.780459999999999923e+02
-6.960500000000000398e+01
-6.847400000000000375e+01
1.214090000000000060e+02
9.996999999999999886e+01
1.434540000000000077e+02
1.434209999999999923e+02
7.128499999999999659e+01
-6.279500000000000171e+01
9.665699999999999648e+01
1.674590000000000032e+02
-8.512600000000000477e+01
1.282810000000000059e+02
-9.206300000000000239e+01
1.292470000000000141e+02
1.599569999999999936e+02
1.672899999999999920e+02
1.537959999999999923e+02
-6.780500000000000682e+01
-7.571800000000000352e+01
-1.787949999999999875e+02
-1.758120000000000118e+02
-9.822799999999999443e+01
-1.562609999999999957e+02
1.459029999999999916e+02
1.674269999999999925e+02
7.095499999999999829e+01
1.209090000000000060e+02
1.211919999999999931e+02
1.213160000000000025e+02
1.539610000000000127e+02
9.135899999999999466e+01
1.211850000000000023e+02
5.707999999999999829e+01
1.266179999999999950e+02
1.438959999999999866e+02
1.446179999999999950e+02
1.433379999999999939e+02
1.268799999999999955e+02
-1.190600000000000023e+02
9.162500000000000000e+01
-6.598499999999999943e+01
1.600560000000000116e+02
1.448160000000000025e+02
1.561080000000000041e+02
1.517789999999999964e+02
1.712359999999999900e+02
1.554550000000000125e+02
1.640910000000000082e+02
2.758200000000000074e+01
-6.121500000000000341e+01
1.534559999999999889e+02
-7.271599999999999397e+01
1.696020000000000039e+02
2.076000000000000156e+01
1.663429999999999893e+02
1.418170000000000073e+02
-6.883199999999999363e+01
-8.085699999999999932e+01
1.012249999999999943e+02
9.513599999999999568e+01
5.799900000000000233e+01
-1.129669999999999987e+02
-1.181730000000000018e+02
1.630099999999999909e+02
-1.755480000000000018e+02
1.612249999999999943e+02
1.228250000000000028e+02
1.017060000000000031e+02
7.465999999999999659e+01
9.373000000000000398e+01
1.424410000000000025e+02
1.527110000000000127e+02
1.607969999999999970e+02
1.382750000000000057e+02
-1.785889999999999986e+02
6.747599999999999909e+01
2.604100000000000037e+01
9.582099999999999795e+01
1.303580000000000041e+02
1.506069999999999993e+02
-8.643600000000000705e+01
1.214929999999999950e+02
-1.754190000000000111e+02
-1.694840000000000089e+02
-1.688959999999999866e+02
-1.766649999999999920e+02
-1.766200000000000045e+02
-1.787820000000000107e+02
-1.656910000000000025e+02
1.309130000000000109e+02
-1.731380000000000052e+02
1.072740000000000009e+02
2.869800000000000040e+01
3.103800000000000026e+01
1.366839999999999975e+02
1.164399999999999977e+02
5.269500000000000028e+01
-9.928799999999999670e+01
1.271230000000000047e+02
-1.781570000000000107e+02
-6.722899999999999920e+01
9.921899999999999409e+01
1.666719999999999970e+02
-7.949200000000000443e+01
1.241629999999999967e+02
-1.563429999999999893e+02
1.685449999999999875e+02
-1.362829999999999870e+02
-6.940999999999999659e+01
1.486500000000000057e+02
1.424799999999999898e+02
1.227660000000000053e+02
1.596630000000000109e+02
-6.882699999999999818e+01
-7.033100000000000307e+01
1.209500000000000028e+02
1.563410000000000082e+02
-1.106550000000000011e+02
-1.770749999999999886e+02
-7.305899999999999750e+01
1.687059999999999889e+02
1.433979999999999961e+02
-7.337900000000000489e+01
-7.298399999999999466e+01
-7.305400000000000205e+01
-7.350199999999999534e+01
-7.332200000000000273e+01
1.588870000000000005e+02
-8.062000000000000455e+01
-1.763789999999999907e+02
-7.007999999999999829e+01
1.609799999999999898e+02
1.432059999999999889e+02
1.315130000000000052e+02
-1.752649999999999864e+02
1.236310000000000002e+02
1.684019999999999868e+02
1.453309999999999889e+02
-7.083799999999999386e+01
-7.099699999999999989e+01
-2.658200000000000074e+01
-2.727799999999999869e+01
-7.300000000000000000e+01
1.427400000000000091e+02
-1.786939999999999884e+02
-9.964199999999999591e+01
-1.773779999999999859e+02
-8.278000000000000114e+01
-6.801200000000000045e+01
-6.327700000000000102e+01
1.220550000000000068e+02
1.462189999999999941e+02
1.548930000000000007e+02
-1.775349999999999966e+02
1.280049999999999955e+02
1.690680000000000121e+02
-6.932099999999999795e+01
-1.785370000000000061e+02
1.657640000000000100e+02
1.654139999999999873e+02
1.492729999999999961e+02
1.498009999999999877e+02
1.505670000000000073e+02
1.296850000000000023e+02
-7.153900000000000148e+01
1.080559999999999974e+02
-1.765099999999999909e+02
-1.560699999999999932e+02
-1.476260000000000048e+02
1.339370000000000118e+02
-2.763100000000000023e+01
1.392249999999999943e+02
1.461510000000000105e+02
-1.005090000000000003e+02
1.677470000000000141e+02
1.507290000000000134e+02
1.259629999999999939e+02
1.784979999999999905e+02
1.795610000000000070e+02
7.071299999999999386e+01
-7.120999999999999375e+01
1.779339999999999975e+02
1.675039999999999907e+02
1.489360000000000070e+02
1.669850000000000136e+02
1.672589999999999861e+02
-9.584600000000000364e+01
1.226940000000000026e+02
1.608789999999999907e+02
1.610289999999999964e+02
1.798750000000000000e+02
1.283849999999999909e+02
-7.868000000000000682e+01
-7.065600000000000591e+01
1.664430000000000121e+02
1.666829999999999927e+02
-7.480100000000000193e+01
-7.484000000000000341e+01
3.073999999999999844e+01
-1.790629999999999882e+02
-6.994700000000000273e+01
1.537620000000000005e+02
1.466990000000000123e+02
1.534010000000000105e+02
2.494200000000000017e+01
1.214140000000000015e+02
1.321930000000000121e+02
1.433460000000000036e+02
1.427880000000000109e+02
1.503569999999999993e+02
1.721229999999999905e+02
1.394089999999999918e+02
1.428919999999999959e+02
-1.781440000000000055e+02
1.220780000000000030e+02
-9.776999999999999602e+01
1.284689999999999941e+02
1.262590000000000003e+02
1.196899999999999977e+02
1.599559999999999889e+02
5.896200000000000330e+01
1.406850000000000023e+02
1.433189999999999884e+02
1.589679999999999893e+02
1.432050000000000125e+02
1.274360000000000070e+02
1.787930000000000064e+02
1.266850000000000023e+02
-1.057799999999999940e+01
1.194519999999999982e+02
1.478149999999999977e+02
1.263409999999999940e+02
9.457299999999999329e+01
1.635949999999999989e+02
-5.964800000000000324e+01
1.024620000000000033e+02
1.266869999999999976e+02
-1.771730000000000018e+02
2.954500000000000171e+01
1.266170000000000044e+02
1.216590000000000060e+02
-9.276399999999999579e+01
1.402280000000000086e+02
-7.884199999999999875e+01
1.592249999999999943e+02
-7.255599999999999739e+01
1.665699999999999932e+02
1.516160000000000139e+02
1.454689999999999941e+02
-8.065999999999999659e+01
-2.466000000000000192e+00
1.397429999999999950e+02
9.866500000000000625e+01
-1.772460000000000093e+02
-6.905100000000000193e+01
-7.108499999999999375e+01
1.539039999999999964e+02
1.537680000000000007e+02
1.538609999999999900e+02
1.531819999999999879e+02
-7.735999999999999943e+01
1.434559999999999889e+02
1.411889999999999930e+02
1.666239999999999952e+02
1.591740000000000066e+02
1.631730000000000018e+02
1.663710000000000093e+02
1.223250000000000028e+02
1.664079999999999870e+02
1.408810000000000002e+02
1.796320000000000050e+02
1.203119999999999976e+02
1.542270000000000039e+02
-1.750140000000000100e+02
1.242300000000000040e+02
-1.360960000000000036e+02
1.529290000000000020e+02
1.266539999999999964e+02
1.407129999999999939e+02
-1.029609999999999985e+02
1.005030000000000001e+02
1.566239999999999952e+02
1.457410000000000139e+02
1.464240000000000066e+02
-9.660699999999999932e+01
1.309759999999999991e+02
-2.162800000000000011e+01
1.667760000000000105e+02
-6.832399999999999807e+01
1.669590000000000032e+02
1.559459999999999980e+02
1.557350000000000136e+02
-1.758170000000000073e+02
9.393800000000000239e+01
-7.762999999999999545e+01
7.073399999999999466e+01
7.379999999999999716e+01
-7.346200000000000330e+01
-7.752299999999999613e+01
1.541419999999999959e+02
-7.763299999999999557e+01
1.383569999999999993e+02
1.735939999999999941e+02
-7.300100000000000477e+01
-1.764600000000000080e+01
1.300860000000000127e+02
1.550949999999999989e+02
1.552119999999999891e+02
-1.751109999999999900e+02
1.259989999999999952e+02
1.448110000000000070e+02
-1.550339999999999918e+02
-1.723640000000000043e+02
-1.774259999999999877e+02
-1.776349999999999909e+02
-1.773959999999999866e+02
1.491440000000000055e+02
-8.914499999999999602e+01
-1.776949999999999932e+02
-1.776390000000000100e+02
1.535800000000000125e+02
1.401040000000000134e+02
-7.806999999999999318e+01
1.178889999999999958e+02
1.240909999999999940e+02
1.229590000000000032e+02
-6.887399999999999523e+01
2.670400000000000063e+01
1.222729999999999961e+02
-1.719420000000000073e+02
1.604550000000000125e+02
1.606519999999999868e+02
1.608110000000000070e+02
-1.757489999999999952e+02
1.555840000000000032e+02
1.183799999999999955e+02
-2.051200000000000045e+01
1.253259999999999934e+02
-1.752839999999999918e+02
-6.777800000000000580e+01
1.374600000000000080e+02
1.489480000000000075e+02
1.491179999999999950e+02
1.485229999999999961e+02
1.489240000000000066e+02
1.420219999999999914e+02
1.214180000000000064e+02
5.738199999999999790e+01
-9.660200000000000387e+01
1.465879999999999939e+02
-7.255299999999999727e+01
-1.416579999999999870e+02
-1.012229999999999990e+02
1.698739999999999952e+02
1.359689999999999941e+02
1.658249999999999886e+02
-7.618800000000000239e+01
5.975800000000000267e+01
-7.936299999999999955e+01
1.466779999999999973e+02
1.714519999999999982e+02
-1.772239999999999895e+02
1.664819999999999993e+02
1.435790000000000077e+02
1.660039999999999907e+02
1.401000000000000023e+00
-9.823499999999999943e+01
1.701349999999999909e+02
1.700540000000000020e+02
-1.242999999999999972e+02
1.646539999999999964e+02
1.718139999999999930e+02
1.676889999999999930e+02
5.777199999999999847e+01
-1.730209999999999866e+02
-7.305400000000000205e+01
-1.019959999999999951e+02
-1.776550000000000011e+02
-2.186899999999999977e+01
1.243370000000000033e+02
-8.931300000000000239e+01
1.260510000000000019e+02
1.511160000000000139e+02
1.606680000000000064e+02
-1.755759999999999934e+02
1.535860000000000127e+02
-8.312900000000000489e+01
1.390920000000000130e+02
-7.050400000000000489e+01
-2.549500000000000099e+01
1.281080000000000041e+02
7.206199999999999761e+01
7.071200000000000330e+01
1.367940000000000111e+02
1.605680000000000121e+02
1.237540000000000049e+02
1.388760000000000048e+02
1.481630000000000109e+02
1.515939999999999941e+02
1.224240000000000066e+02
-1.735560000000000116e+02
1.710180000000000007e+02
9.795600000000000307e+01
1.251119999999999948e+02
-7.176099999999999568e+01
-7.173999999999999488e+01
-7.151300000000000523e+01
1.510610000000000070e+02
1.528789999999999907e+02
7.086299999999999955e+01
-1.023679999999999950e+02
-1.016219999999999999e+02
1.349430000000000121e+02
1.666320000000000050e+02
1.704370000000000118e+02
-1.748110000000000070e+02
1.789509999999999934e+02
-1.788679999999999950e+02
1.440099999999999909e+02
1.264819999999999993e+02
2.626899999999999835e+01
-1.762940000000000111e+02
-1.765509999999999877e+02
1.217229999999999990e+02
1.476649999999999920e+02
-7.009900000000000375e+01
-7.778600000000000136e+01
1.308439999999999941e+02
-7.000600000000000023e+01
1.585080000000000098e+02
-1.721680000000000064e+02
1.491179999999999950e+02
-1.431949999999999932e+02
-1.426020000000000039e+02
-7.047700000000000387e+01
1.245520000000000067e+02
-1.427489999999999952e+02
-7.225499999999999545e+01
9.510699999999999932e+01
1.609279999999999973e+02
-1.723180000000000121e+02
1.266790000000000020e+02
-7.140200000000000102e+01
1.605960000000000036e+02
-1.568640000000000043e+02
1.427849999999999966e+02
1.266869999999999976e+02
1.752580000000000098e+02
-8.476900000000000546e+01
-8.477500000000000568e+01
1.476090000000000089e+02
1.228149999999999977e+02
1.418650000000000091e+02
3.217799999999999727e+01
3.183999999999999986e+01
1.203469999999999942e+02
1.220450000000000017e+02
4.921300000000000097e+01
1.211800000000000068e+02
1.675409999999999968e+02
1.692369999999999948e+02
1.698189999999999884e+02
1.510219999999999914e+02
-8.307200000000000273e+01
1.227720000000000056e+02
-6.327000000000000313e+01
-1.255859999999999985e+02
1.585550000000000068e+02
-7.735800000000000409e+01
1.510349999999999966e+02
-2.505799999999999983e+01
-1.240679999999999978e+02
1.476179999999999950e+02
1.266670000000000016e+02
1.267540000000000049e+02
-1.165319999999999965e+02
-1.783240000000000123e+02
7.360699999999999932e+01
-8.738599999999999568e+01
1.690250000000000057e+02
-7.676300000000000523e+01
1.218329999999999984e+02
1.304039999999999964e+02
1.441539999999999964e+02
1.642700000000000102e+02
1.577549999999999955e+02
1.392450000000000045e+02
1.448720000000000141e+02
-9.264400000000000546e+01
-1.783569999999999993e+02
1.129350000000000023e+02
1.131820000000000022e+02
-6.753199999999999648e+01
1.675370000000000061e+02
1.328710000000000093e+02
1.473319999999999936e+02
1.478650000000000091e+02
1.480320000000000107e+02
1.478930000000000007e+02
1.480269999999999868e+02
1.210589999999999975e+02
1.434389999999999930e+02
1.788789999999999907e+02
-1.734310000000000116e+02
1.254470000000000027e+02
1.252219999999999942e+02
1.699950000000000045e+02
1.428249999999999886e+02
-1.774449999999999932e+02
-7.026500000000000057e+01
1.542860000000000014e+02
1.543540000000000134e+02
1.452949999999999875e+02
-9.861400000000000432e+01
-1.042079999999999984e+02
1.302769999999999868e+02
-9.346599999999999397e+01
3.480599999999999739e+01
1.492599999999999909e+02
1.292019999999999982e+02
1.199020000000000010e+02
1.498969999999999914e+02
1.369749999999999943e+02
-7.984499999999999886e+01
-9.810999999999999943e+01
-1.769039999999999964e+02
1.551040000000000134e+02
-1.775879999999999939e+02
-1.768410000000000082e+02
1.251239999999999952e+02
1.225120000000000005e+02
-1.782319999999999993e+02
-7.556300000000000239e+01
-1.028100000000000023e+02
-6.566299999999999670e+01
6.818899999999999295e+01
1.667959999999999923e+02
5.979699999999999704e+01
1.799279999999999973e+02
-1.766270000000000095e+02
-7.115399999999999636e+01
-7.659900000000000375e+01
8.736899999999999977e+01
1.620029999999999859e+02
1.622599999999999909e+02
1.478770000000000095e+02
1.710140000000000100e+02
-7.014900000000000091e+01
1.496069999999999993e+02
-1.789120000000000061e+02
1.253730000000000047e+02
-8.031000000000000227e+01
1.393930000000000007e+02
1.248179999999999978e+02
1.667789999999999964e+02
1.218750000000000000e+02
1.496500000000000057e+02
1.303389999999999986e+02
1.509749999999999943e+02
1.526119999999999948e+02
2.993799999999999883e+01
1.209539999999999935e+02
-9.686899999999999977e+01
-1.164350000000000023e+02
3.121300000000000097e+01
1.683139999999999930e+02
1.197579999999999956e+02
-1.740900000000000034e+02
1.739699999999999989e+02
1.436800000000000068e+02
1.235199999999999960e+02
-6.676999999999999602e+01
1.020300000000000011e+02
9.729999999999999716e+01
1.395999999999999943e+02
1.522599999999999909e+02
1.531200000000000045e+02
1.518799999999999955e+02
1.266899999999999977e+02
-8.870000000000000284e+01
7.028000000000000114e+01
1.023199999999999932e+02
-1.784600000000000080e+02
-7.350000000000000000e+01
-7.193000000000000682e+01
-1.796599999999999966e+02
1.239300000000000068e+02
9.057999999999999829e+01
1.679699999999999989e+02
7.045999999999999375e+01
1.242099999999999937e+02
1.221400000000000006e+02
1.306800000000000068e+02
-1.793600000000000136e+02
1.785300000000000011e+02
1.429399999999999977e+02
1.342299999999999898e+02
9.609000000000000341e+01
-1.477299999999999898e+02
1.463899999999999864e+02
1.608799999999999955e+02
-1.040600000000000023e+02
6.832999999999999829e+01
-4.350000000000000000e+01
1.671399999999999864e+02
1.438700000000000045e+02
1.435500000000000114e+02
8.781000000000000227e+01
1.786500000000000057e+02
1.698600000000000136e+02
1.697500000000000000e+02
1.350500000000000114e+02
1.039200000000000017e+02
1.366999999999999886e+02
1.370900000000000034e+02
1.247099999999999937e+02
-7.746999999999999886e+01
1.648199999999999932e+02
1.354199999999999875e+02
1.614199999999999875e+02
9.585999999999999943e+01
9.289000000000000057e+01
1.233599999999999994e+02
1.298499999999999943e+02
9.706000000000000227e+01
-6.918999999999999773e+01
-1.259800000000000040e+02
9.218000000000000682e+01
1.420300000000000011e+02
1.534900000000000091e+02
-7.642000000000000171e+01
7.357999999999999829e+01
-2.157000000000000028e+01
-1.781200000000000045e+02
1.281699999999999875e+02
1.671399999999999864e+02
-1.740999999999999943e+02
-1.792100000000000080e+02
1.073299999999999983e+02
1.532700000000000102e+02
1.545500000000000114e+02
1.263400000000000034e+02
1.694099999999999966e+02
1.570600000000000023e+02
1.677100000000000080e+02
1.076700000000000017e+02
-7.660999999999999943e+01
1.658400000000000034e+02
1.013700000000000045e+02
1.008299999999999983e+02
1.426999999999999886e+02
1.640900000000000034e+02
