371 0
371 0
371 974
371 0
371 0
371 0
371 0
371 0
371 0
371 0
371 0
371 936
371 0
371 0
372 0
372 0
372 0
372 0
372 0
372 0
372 0
372 0
372 0
372 0
372 0
372 0
372 0
372 0
372 0
372 0
372 0
372 0
372 0
372 0
372 0
373 0
373 0
373 0
373 0
373 0
373 0
373 0
373 0
373 0
373 0
373 0
373 0
373 0
373 0
373 0
373 0
373 0
373 0
373 0
373 0
373 0
373 0
373 0
373 0
373 0
373 0
373 0
373 0
373 0
373 0
373 0
373 0
373 0
373 0
373 0
373 0
373 0
373 0
373 0
373 0
373 0
373 0
380 0
380 0
380 0
380 0
380 0
380 0
381 0
381 0
381 0
381 0
381 0
381 0
381 0
381 0
381 0
381 0
381 0
381 0
381 0
381 973
383 0
383 0
383 0
383 0
383 0
383 0
383 0
383 0
383 0
383 0
383 0
383 0
383 0
383 0
383 0
383 0
383 0
383 0
383 0
383 0
383 0
383 0
383 0
383 0
383 0
383 0
383 0
383 0
383 0
383 0
383 0
383 0
383 0
383 0
383 0
383 0
383 0
383 0
384 0
384 0
384 0
384 0
384 0
384 0
389 0
389 0
389 0
389 0
389 0
389 0
391 0
391 0
391 0
392 0
392 0
392 0
392 0
392 0
392 0
392 0
392 0
392 0
392 0
393 0
393 0
393 0
393 970
393 0
393 0
393 0
393 0
393 0
393 0
393 0
393 0
393 0
393 0
393 0
395 0
395 0
395 0
395 0
395 0
395 0
396 0
396 0
396 0
396 0
396 0
396 0
396 0
396 0
396 970
396 0
396 0
396 0
396 0
396 0
396 0
396 0
396 0
396 0
396 0
396 0
396 958
396 0
396 0
396 0
396 0
396 0
396 0
396 0
396 0
396 0
396 0
396 0
396 986
396 0
396 0
396 0
397 0
397 0
397 0
397 0
397 0
397 976
397 0
397 0
397 0
397 0
397 0
398 0
398 0
398 0
398 0
398 0
398 0
398 0
398 990
400 0
400 0
400 0
400 0
400 0
400 0
400 0
400 0
400 0
401 0
401 0
401 0
401 0
401 0
401 0
401 0
401 0
401 0
401 0
401 0
401 0
401 0
401 0
401 0
401 0
401 0
401 0
401 0
401 0
401 0
401 0
401 0
401 0
401 0
401 0
401 0
401 0
401 0
404 0
404 0
404 0
404 0
404 0
404 0
404 0
404 0
404 0
404 0
404 0
404 0
404 0
404 0
404 0
404 0
404 0
404 0
404 0
404 0
404 0
404 0
405 0
405 0
406 0
406 0
406 0
406 0
406 0
406 0
406 0
406 0
406 0
407 0
407 0
407 0
407 0
407 0
413 0
413 0
413 0
413 0
413 0
413 0
413 0
413 0
413 0
413 0
413 0
413 0
413 0
416 0
416 0
416 979
416 0
416 0
416 0
416 0
416 0
416 0
416 0
416 0
416 0
416 0
416 0
416 0
416 0
416 0
418 0
418 0
418 0
418 0
418 0
418 0
418 0
418 0
418 0
418 0
418 0
418 0
418 0
418 0
418 0
418 0
418 0
418 0
418 0
418 0
418 0
418 0
418 0
418 0
418 0
418 0
418 0
418 0
418 0
418 0
418 0
418 0
418 0
418 0
418 0
418 0
418 0
418 0
418 0
418 0
418 0
418 0
418 0
418 0
418 0
418 0
418 0
418 0
418 0
418 0
418 0
418 0
418 0
418 0
418 950
418 0
419 0
419 0
419 0
419 0
419 0
419 0
419 0
419 0
419 0
419 0
419 0
419 0
419 0
419 0
419 0
419 0
419 0
419 0
419 0
419 0
419 0
419 977
420 0
420 0
420 0
420 0
420 0
420 0
420 0
420 0
420 0
420 0
420 953
420 0
420 0
420 0
420 958
420 0
422 0
422 0
422 0
422 0
422 0
422 0
422 0
422 0
422 0
422 0
422 0
422 0
422 0
422 0
422 0
422 0
422 0
422 0
422 0
422 0
422 0
422 0
422 0
422 953
422 0
422 0
422 0
422 0
422 0
422 0
422 0
422 0
422 0
425 0
425 0
431 0
431 0
431 0
431 0
431 0
431 0
431 0
431 0
431 0
432 0
432 0
432 0
432 0
432 0
432 0
432 989
432 0
433 0
433 0
433 0
433 0
433 0
433 0
433 0
436 0
436 0
436 0
436 0
436 0
436 0
436 0
436 0
436 0
436 0
436 0
436 0
436 0
436 0
436 0
436 0
436 0
436 0
436 0
436 0
436 0
436 0
436 0
436 0
436 0
436 0
436 0
436 0
436 0
436 0
438 0
438 0
438 0
438 0
438 0
438 0
438 0
438 0
438 0
438 0
438 0
438 0
438 0
438 0
438 0
438 0
438 0
438 0
438 0
438 0
438 0
438 0
438 0
438 0
438 0
438 0
438 0
438 0
438 0
438 0
438 0
438 0
438 0
438 0
438 0
438 0
438 0
438 0
438 0
438 0
438 0
438 0
438 0
438 0
439 0
439 0
439 0
439 0
439 0
439 0
439 0
439 0
442 0
442 0
442 0
442 972
444 0
444 0
444 0
444 0
444 0
444 0
444 0
444 0
444 985
444 0
444 0
444 0
444 959
444 0
446 0
446 0
446 0
446 0
446 0
446 0
446 0
446 0
446 0
446 0
446 0
446 0
446 0
446 0
446 0
446 0
446 0
446 0
446 0
446 0
446 0
446 0
446 0
446 0
446 0
446 0
446 0
446 0
446 0
446 0
448 0
448 0
448 0
448 0
448 0
448 976
448 0
448 0
448 0
448 0
448 0
448 0
448 0
448 0
448 0
448 0
448 0
448 0
448 952
448 0
450 0
450 0
450 0
450 0
450 0
450 0
450 0
450 0
450 0
450 0
450 0
450 0
450 0
450 957
450 0
450 0
450 0
451 0
451 0
451 0
451 0
451 0
451 0
451 0
451 0
451 0
451 0
451 0
454 0
454 0
454 0
454 0
454 0
454 0
454 0
454 0
454 0
454 0
454 0
454 0
454 0
454 0
454 0
454 0
454 0
454 0
454 0
454 0
454 0
454 0
454 0
454 0
454 0
454 0
454 0
454 0
454 0
454 0
454 0
454 0
454 0
454 0
454 0
454 0
454 0
454 0
454 0
455 0
455 0
455 0
455 0
455 0
455 0
455 0
455 0
455 0
455 0
456 0
456 0
456 0
456 0
456 0
456 0
456 0
456 960
456 0
456 0
456 0
456 0
456 0
456 0
456 0
456 0
456 0
456 0
456 924
456 0
456 0
456 941
456 0
456 955
456 0
458 0
458 0
458 0
458 0
459 0
459 0
459 0
459 0
459 0
459 0
459 0
459 0
459 0
459 0
459 0
459 0
459 0
459 972
459 0
460 0
460 0
460 0
460 0
460 0
460 0
460 0
460 0
460 0
466 0
466 0
466 0
466 0
466 0
466 0
466 0
466 0
466 0
467 0
467 0
467 0
467 0
467 0
467 0
467 0
467 0
467 0
467 0
467 0
468 0
468 0
468 0
468 0
468 0
468 0
468 0
468 0
468 0
468 0
469 0
469 0
469 0
469 0
469 0
469 0
469 0
469 0
469 0
469 0
469 0
469 0
469 0
469 0
469 0
469 0
469 0
469 0
469 0
469 965
469 0
469 0
469 0
469 0
469 0
470 0
470 0
470 0
470 0
473 0
473 0
473 0
473 0
473 0
473 0
473 0
473 976
474 0
474 0
475 0
475 0
477 0
477 990
478 0
478 0
478 0
478 0
478 0
478 0
478 0
478 0
478 0
478 0
478 0
478 0
478 0
478 0
478 0
478 0
478 0
478 0
478 0
478 0
478 0
478 0
478 0
478 0
478 0
478 0
478 0
478 0
478 0
478 0
478 0
478 0
478 0
478 940
478 0
479 0
479 0
479 0
479 0
479 0
479 0
479 0
479 0
479 0
479 0
479 0
479 0
479 0
479 0
479 0
479 0
479 0
479 0
479 0
479 0
479 0
479 0
479 0
479 0
479 0
479 0
479 0
479 0
479 0
479 0
479 0
479 0
479 0
479 0
479 0
479 0
479 0
479 0
479 0
479 0
479 0
479 0
479 0
479 0
479 0
479 0
480 0
480 0
480 0
480 0
480 0
480 0
480 0
480 0
480 0
480 982
482 0
482 0
482 0
482 0
482 0
482 0
482 0
482 0
482 0
482 0
482 0
482 931
482 0
482 0
482 0
482 0
482 0
482 0
482 0
482 0
482 0
482 0
482 0
482 0
482 0
482 935
482 0
482 944
482 949
484 0
484 0
484 0
484 0
484 0
484 0
484 0
484 0
484 950
484 0
485 0
485 0
485 0
485 0
485 0
485 0
485 0
485 0
485 0
485 0
485 0
485 0
485 0
485 0
485 0
485 0
485 0
485 980
485 0
485 0
485 0
485 0
485 0
485 0
485 0
485 0
486 0
486 0
486 0
486 0
486 0
486 0
486 960
486 0
488 0
488 0
488 0
488 0
488 0
488 0
488 0
488 0
488 0
488 0
488 0
488 0
488 0
488 0
488 0
488 932
488 940
489 0
489 0
489 0
489 0
489 0
489 0
490 0
490 0
490 0
490 0
490 0
490 986
490 0
490 0
490 0
490 0
490 0
492 0
492 0
492 0
492 0
492 0
492 0
492 0
492 0
492 0
492 0
492 0
493 0
493 0
493 0
493 0
493 0
493 0
493 0
493 0
493 0
493 0
493 0
493 0
493 0
493 0
493 0
493 0
493 0
493 0
493 0
493 0
493 0
495 0
495 0
495 0
495 963
495 0
495 0
495 0
495 0
495 0
495 0
495 0
495 0
495 0
495 0
495 0
495 0
495 0
495 0
495 0
495 0
496 0
496 0
496 0
496 0
496 0
496 0
496 0
496 0
496 0
496 0
496 0
496 0
496 0
496 0
496 0
496 970
496 0
500 0
500 0
500 0
500 0
500 0
500 0
500 0
500 0
500 0
500 0
500 0
500 0
500 0
500 0
500 0
500 0
500 0
500 0
500 0
500 0
500 0
500 0
500 0
501 0
501 0
501 0
501 0
501 0
501 0
501 0
501 0
501 0
501 0
501 0
501 0
501 0
501 0
501 0
501 928
501 0
501 0
501 0
501 0
501 0
501 0
501 0
501 0
501 0
501 0
501 0
501 0
501 0
501 949
501 0
502 0
502 0
502 0
502 0
502 0
502 955
503 0
503 0
503 0
503 0
503 0
503 968
503 0
503 0
504 0
506 0
506 0
506 0
506 0
506 0
506 0
506 0
506 0
506 0
506 0
506 0
506 0
506 0
506 0
506 0
509 0
509 0
509 0
509 0
509 0
509 0
509 0
509 0
509 0
509 0
509 0
509 0
509 927
509 0
509 0
509 0
509 0
509 0
509 0
509 0
509 0
509 944
509 0
509 942
509 931
509 0
509 0
509 0
509 0
509 0
509 950
509 0
510 0
510 0
510 0
510 0
510 0
513 0
513 0
513 0
513 0
513 0
513 0
513 0
513 0
513 0
513 0
513 0
513 0
513 0
513 0
513 0
513 0
513 0
513 0
513 0
513 0
513 0
514 0
514 0
514 0
514 975
515 0
515 0
515 0
517 0
517 0
517 0
518 0
518 0
518 0
518 0
518 0
518 0
518 0
518 0
518 0
518 0
518 0
518 0
518 0
518 0
519 0
519 0
519 0
520 0
520 0
520 0
520 0
520 0
520 0
520 0
520 0
520 0
520 0
520 0
520 0
520 0
520 0
520 0
520 0
520 0
520 0
520 0
520 0
520 0
520 0
520 0
520 0
520 0
520 0
520 0
520 0
520 0
520 0
520 0
520 0
520 0
520 0
523 0
523 0
523 0
523 0
523 0
523 0
523 0
523 0
523 0
523 0
523 0
523 0
523 0
523 0
523 0
523 952
523 0
523 0
523 0
523 0
523 0
523 0
523 0
523 0
523 0
523 0
525 0
525 0
525 0
525 0
525 0
525 0
525 0
525 0
525 0
525 0
525 0
525 0
525 0
525 0
525 0
525 0
525 0
525 0
525 0
525 0
525 0
525 0
525 0
525 0
525 0
525 0
525 0
525 0
525 0
527 0
527 0
527 0
527 0
527 0
527 0
527 0
527 0
527 0
527 0
527 0
527 0
527 0
527 0
527 0
527 0
527 0
527 0
528 0
528 0
528 0
528 0
528 0
528 0
528 0
528 0
528 0
528 0
528 0
528 0
528 0
528 0
528 0
528 0
528 0
528 0
528 0
528 0
529 0
529 0
529 0
529 0
529 0
529 0
529 0
529 0
529 0
529 0
529 0
529 0
529 0
529 0
529 0
529 0
529 0
529 0
529 0
529 0
529 0
529 0
529 0
529 0
529 0
529 0
530 0
530 0
530 0
530 0
530 0
530 0
530 0
536 0
536 0
536 0
536 0
536 0
536 0
536 0
536 0
536 0
536 0
536 0
536 0
536 0
536 0
536 0
536 0
536 0
536 0
536 0
536 0
536 0
536 0
536 0
536 0
537 0
537 0
537 0
537 0
537 0
537 0
537 0
537 0
537 0
537 0
537 0
537 0
537 0
537 0
537 0
537 0
537 0
537 0
537 0
537 0
537 0
537 0
537 0
537 0
537 0
537 0
537 0
537 0
538 0
538 0
538 0
538 0
538 0
538 0
538 0
538 0
538 0
541 0
541 0
541 0
541 0
541 0
541 0
541 0
541 0
541 0
541 0
541 0
541 0
541 0
542 0
542 0
542 0
542 0
542 0
542 0
542 0
542 0
542 0
542 0
542 0
542 0
542 0
542 0
542 0
542 0
542 0
542 0
544 0
544 0
544 0
544 0
544 0
544 0
545 0
545 0
545 0
545 0
545 0
545 0
545 0
545 0
545 0
545 0
545 0
545 0
545 0
545 0
545 0
545 0
545 0
545 0
545 0
546 0
546 0
546 0
546 0
546 0
546 0
546 0
546 0
546 0
546 0
546 0
546 0
546 0
546 0
546 0
546 0
546 0
546 0
546 0
546 0
546 0
546 0
547 0
547 0
547 0
547 0
547 0
547 0
547 0
547 0
547 0
547 0
547 0
547 0
547 0
547 0
547 0
548 0
548 0
548 0
548 0
548 0
548 0
548 0
548 0
548 0
548 0
548 0
548 0
548 0
548 0
548 0
548 0
548 0
548 0
548 0
548 0
548 0
548 0
548 0
548 0
548 0
548 0
548 0
548 0
548 0
548 0
548 0
548 0
548 0
548 0
548 0
548 0
548 0
548 0
548 0
548 0
548 0
548 0
548 0
548 0
548 0
548 0
548 0
548 0
548 0
548 0
548 0
548 0
548 0
548 0
548 0
548 0
548 0
548 0
548 0
548 0
548 0
548 0
548 0
548 0
548 0
548 0
549 0
549 0
549 0
549 0
549 0
549 0
549 0
549 0
549 0
549 0
549 0
549 0
549 0
549 0
549 0
550 0
550 0
550 0
550 0
550 0
550 0
550 0
550 0
550 0
550 0
550 0
550 0
550 0
550 0
550 0
550 0
550 0
550 0
550 0
550 0
550 0
550 0
550 0
550 0
550 935
550 950
550 0
550 0
550 0
550 0
550 0
550 0
550 0
550 0
550 955
552 0
552 0
552 0
552 0
552 0
552 0
552 0
552 0
552 0
552 0
552 0
552 0
552 0
552 0
552 0
552 0
552 0
552 0
552 0
552 0
552 0
552 0
552 0
552 0
552 0
552 0
552 0
552 0
554 0
554 0
554 0
554 0
554 0
554 0
554 0
554 0
554 0
554 0
554 0
554 0
554 0
554 0
554 0
554 0
554 0
554 0
554 0
554 0
556 0
556 0
556 0
556 0
556 0
556 0
556 0
556 0
556 0
556 0
556 0
556 0
556 0
556 0
556 0
556 0
556 0
556 0
557 0
557 0
557 0
557 0
557 0
557 0
557 0
557 0
557 0
557 0
557 0
557 0
557 0
558 0
558 0
558 0
559 0
559 0
559 0
559 0
559 0
559 0
559 0
559 0
559 0
559 0
559 0
559 0
559 0
559 0
559 0
559 0
559 0
559 0
559 0
563 0
563 0
563 0
563 0
563 0
563 0
563 0
563 977
563 0
564 0
564 0
564 0
564 0
564 0
564 0
564 0
566 0
566 0
566 0
566 0
566 0
566 0
566 0
566 0
566 940
566 0
566 0
566 0
566 931
566 0
566 0
566 0
566 0
566 0
566 0
566 0
566 0
566 0
566 0
566 0
566 0
566 929
566 0
566 955
566 0
566 974
566 0
568 0
568 0
569 0
569 0
569 0
569 986
570 0
570 0
570 0
570 0
570 0
570 0
570 0
570 0
570 0
570 0
570 0
570 0
570 0
570 0
570 936
570 0
570 0
570 0
570 0
570 0
570 948
570 0
570 0
570 0
570 0
570 0
570 0
570 0
570 0
571 0
571 0
571 0
571 0
571 0
571 0
571 0
571 0
571 0
571 0
571 0
571 0
571 0
571 0
571 0
571 0
571 0
571 0
571 0
572 0
572 0
572 0
572 0
572 0
572 0
572 0
572 0
572 0
573 0
573 0
573 0
573 0
573 0
573 0
573 0
573 0
573 0
573 0
573 0
573 0
573 0
573 933
573 0
573 0
573 0
573 0
573 0
573 0
573 0
573 0
573 0
573 0
573 0
573 0
573 0
573 0
573 0
578 0
578 0
578 0
579 0
579 988
579 0
579 0
579 0
579 0
579 0
579 0
579 997
584 0
584 0
584 0
584 942
584 0
585 0
585 0
585 0
585 0
585 0
585 0
586 0
586 0
586 0
586 0
586 0
586 0
586 0
586 0
586 0
586 0
586 0
586 0
586 0
586 0
586 0
586 0
586 0
586 0
586 0
586 0
586 0
586 0
586 0
586 0
586 0
586 0
586 0
586 0
589 0
589 0
589 0
589 948
589 0
589 0
589 0
589 0
589 0
589 0
589 0
592 0
592 0
592 0
592 0
592 0
592 0
592 0
592 0
592 0
592 0
592 0
592 0
592 0
592 0
592 0
592 0
592 0
592 0
592 0
592 0
592 0
592 0
592 0
592 0
592 0
592 0
592 0
592 0
592 0
592 0
592 0
592 0
592 0
592 0
592 0
592 0
592 0
592 0
592 0
592 0
592 0
592 0
592 0
592 0
592 0
592 0
592 0
592 0
593 0
593 0
593 0
593 0
593 0
593 0
593 0
593 0
593 0
593 0
595 0
595 0
595 986
595 0
595 0
595 0
595 0
595 0
595 0
595 0
595 0
595 0
595 0
595 0
595 0
595 0
595 0
595 0
595 0
595 0
595 0
595 0
595 0
595 0
595 0
595 0
595 0
595 0
595 0
598 0
598 0
598 0
598 0
598 0
598 0
598 0
598 0
598 0
598 0
598 0
598 0
598 0
598 0
598 0
598 0
598 0
598 0
598 0
598 0
598 0
601 0
601 0
601 0
601 0
601 0
601 0
601 0
601 0
601 0
601 0
601 0
601 0
601 0
601 0
601 0
601 0
601 0
601 0
601 0
601 0
601 0
601 0
601 0
604 0
604 0
604 0
604 0
604 0
604 0
604 0
604 0
604 0
604 0
604 0
604 0
604 0
604 0
604 0
604 0
604 0
604 0
604 0
604 0
604 0
604 0
604 0
605 0
605 0
605 0
605 0
605 0
605 0
605 0
605 0
605 0
605 0
605 0
605 0
605 0
605 0
605 0
605 948
606 0
606 0
606 0
606 0
606 0
606 0
606 0
606 0
606 0
606 0
606 0
606 0
606 0
606 0
606 0
606 0
606 0
606 0
606 0
606 0
606 0
606 0
606 0
606 0
606 0
606 957
606 0
606 0
606 0
606 0
606 0
607 0
607 0
607 0
607 0
607 0
607 0
607 0
607 960
608 0
608 0
608 0
608 0
608 0
608 0
608 0
608 0
608 0
608 0
608 0
608 0
608 0
608 0
608 0
608 0
608 0
608 0
608 962
608 0
611 0
611 0
611 0
611 0
611 0
611 0
611 0
611 976
611 0
611 0
611 0
611 0
611 0
611 0
611 0
611 0
611 0
611 0
611 971
611 0
612 0
612 0
612 0
612 0
612 0
612 0
612 0
612 0
612 0
612 0
616 0
616 0
616 0
616 0
616 0
616 0
616 0
616 0
616 0
616 0
616 0
616 0
616 0
617 0
617 0
619 0
619 0
619 0
619 0
619 0
620 0
620 0
620 0
620 0
620 0
620 0
620 0
620 0
620 0
620 0
620 0
622 0
622 0
622 0
622 0
622 0
622 0
622 0
625 0
625 0
625 0
625 0
625 0
625 0
625 0
625 0
625 0
626 0
626 0
626 0
626 0
626 0
626 0
626 0
626 0
626 0
626 0
626 0
626 0
626 0
626 0
626 0
626 0
626 0
626 0
626 0
626 0
626 0
626 0
626 0
626 0
626 0
626 0
626 0
627 0
627 0
627 0
627 0
627 0
627 0
627 892
627 0
627 0
627 0
627 0
627 0
627 0
627 0
627 0
627 0
627 0
629 0
629 0
629 0
629 0
629 0
629 0
629 0
629 0
629 0
629 0
629 0
629 0
629 0
629 0
629 0
629 0
629 0
629 0
629 0
629 0
629 0
629 0
629 0
629 0
629 0
629 0
629 0
629 0
630 0
630 0
630 0
630 0
630 0
630 0
630 0
630 0
630 0
630 0
630 0
630 0
630 0
630 0
630 0
630 0
630 0
631 0
631 0
631 0
631 980
631 0
631 0
631 0
631 0
631 0
631 0
631 0
631 0
631 0
631 973
631 0
631 0
631 0
631 0
634 0
634 0
634 0
636 0
636 0
636 0
636 0
636 973
636 0
639 0
639 0
639 0
639 0
639 0
639 0
639 0
639 0
639 0
639 0
639 0
639 0
639 0
641 0
641 0
641 0
641 0
641 0
642 0
642 0
642 0
642 0
642 0
642 0
642 0
642 0
642 0
642 0
642 0
642 0
642 0
642 0
642 0
642 0
642 0
642 0
642 0
642 0
642 0
642 0
642 0
642 0
642 0
642 0
642 0
642 0
642 0
642 0
642 0
642 0
642 0
642 0
642 0
644 0
644 0
644 0
644 0
644 0
644 0
644 0
644 0
644 0
644 0
644 0
644 0
644 0
644 0
644 0
644 0
644 0
644 0
644 0
644 0
644 0
644 0
644 0
644 0
644 0
644 0
644 0
644 0
644 0
644 0
644 0
644 968
644 0
644 0
644 0
644 0
644 0
644 0
644 0
644 0
644 0
644 0
646 0
646 0
646 0
646 0
646 0
646 0
646 0
646 0
646 0
646 0
646 0
646 0
646 0
646 0
646 0
646 0
646 0
646 0
651 0
651 0
651 0
651 0
651 0
651 0
651 0
651 0
651 0
651 0
651 0
651 0
651 0
651 0
651 0
651 0
651 0
651 0
651 0
652 0
652 0
652 0
652 0
652 0
652 0
652 0
652 0
652 0
652 0
652 0
652 0
652 0
652 0
652 0
652 0
652 0
652 0
652 0
652 0
654 0
654 0
654 0
654 0
654 0
654 0
654 0
654 0
654 0
654 0
654 0
654 0
654 0
654 0
654 0
654 0
654 0
654 0
654 0
654 0
654 0
658 0
658 0
658 0
658 0
658 0
658 0
658 0
658 0
658 0
658 0
658 0
658 0
658 0
658 0
659 0
659 0
659 0
659 0
659 0
659 0
659 0
659 0
659 0
659 0
659 0
659 979
659 0
659 0
659 0
659 0
659 0
659 0
660 0
660 0
660 0
660 0
660 0
660 0
660 0
660 0
660 0
660 0
660 0
660 0
660 0
660 0
660 0
660 0
660 0
660 0
660 0
660 0
660 0
660 0
660 0
660 0
660 0
660 0
660 938
660 940
666 0
666 0
666 0
666 0
668 0
668 0
668 0
668 0
668 0
668 0
668 0
668 0
668 0
668 0
668 0
668 0
668 0
669 0
669 0
669 0
669 0
669 0
671 0
671 0
671 0
671 0
671 0
671 0
671 0
671 0
671 972
671 0
672 0
672 0
672 0
672 0
672 0
672 0
672 0
672 0
672 0
672 0
672 0
672 0
672 0
672 0
672 975
673 0
673 0
673 0
673 0
673 0
673 0
673 0
673 0
673 0
673 0
673 0
673 0
673 0
674 0
674 0
674 0
674 0
674 0
674 0
674 0
674 0
674 0
674 0
674 0
674 0
674 0
674 0
674 0
674 0
674 0
674 0
679 0
679 0
679 0
679 0
679 0
679 0
679 0
679 0
679 0
679 0
679 0
679 0
679 0
679 0
679 0
679 0
679 0
679 0
679 0
679 0
679 0
679 0
680 0
680 0
680 0
680 0
680 0
680 0
680 0
680 0
680 0
680 0
680 0
680 0
680 0
680 0
680 0
680 0
681 0
681 0
681 0
681 0
681 0
681 0
681 0
681 0
681 0
681 0
681 0
681 992
681 0
682 0
682 0
682 0
682 0
682 0
682 0
682 0
682 0
682 0
682 0
682 0
682 0
684 0
684 0
684 0
684 0
684 0
684 0
684 0
684 0
684 0
685 0
685 0
685 0
685 0
685 0
685 0
685 0
685 0
685 0
685 0
685 0
685 0
685 0
685 0
685 0
685 0
685 0
685 0
685 0
685 0
685 0
685 0
686 0
686 0
686 0
686 0
686 0
686 0
686 0
686 0
686 0
686 0
686 0
686 0
686 0
686 0
686 0
686 0
686 0
686 0
693 997
693 994
693 0
693 0
693 0
693 0
693 992
693 0
694 0
694 0
694 0
694 0
694 0
694 0
694 0
694 0
696 0
696 0
696 0
696 0
696 0
696 0
696 0
696 0
696 0
696 0
696 0
696 0
696 0
696 0
696 0
696 0
696 0
696 0
696 0
696 0
696 0
696 0
696 0
696 0
696 0
696 0
697 0
697 0
697 0
697 0
697 0
697 0
697 0
697 0
697 0
697 0
697 0
697 0
697 0
697 0
697 0
697 0
697 0
697 0
697 0
697 0
697 0
697 0
697 0
697 0
697 0
697 0
697 0
697 0
697 0
697 0
697 0
697 0
699 0
699 0
699 0
699 0
699 0
699 0
699 0
699 0
699 0
699 0
699 0
699 0
702 0
702 0
702 0
702 0
702 0
702 0
702 0
702 0
702 0
702 0
702 0
702 0
702 0
702 0
702 0
702 0
702 0
702 0
704 0
704 0
704 0
704 0
704 0
704 0
704 0
704 0
704 0
704 0
706 0
706 0
706 0
706 0
706 0
706 990
707 0
707 973
707 0
707 0
707 0
707 0
707 0
707 0
707 0
707 0
707 0
707 0
707 0
707 0
707 0
707 0
707 0
707 0
707 0
710 0
710 0
710 0
710 0
710 0
710 0
710 0
710 0
710 0
710 0
710 0
710 0
710 0
710 943
710 0
710 0
710 0
710 0
710 0
710 0
710 0
710 0
710 0
710 0
710 966
711 0
711 0
711 0
711 0
711 0
711 0
711 0
711 0
711 0
711 0
712 0
712 0
712 0
712 0
712 0
712 0
712 0
712 0
712 0
712 0
712 0
712 0
714 0
714 0
714 0
714 0
714 0
714 0
714 0
714 0
714 0
714 0
714 0
714 0
714 0
714 0
714 0
714 0
714 0
714 0
714 0
714 0
714 0
714 0
714 0
714 0
714 0
714 0
714 968
715 0
715 0
715 0
715 0
715 0
715 0
719 0
719 0
719 0
719 0
719 0
719 0
719 0
719 0
719 0
719 0
719 0
719 963
719 966
719 968
719 980
723 0
723 0
723 0
723 0
723 0
723 0
723 0
723 0
723 0
723 977
723 0
723 0
723 0
723 0
723 0
723 0
723 951
723 963
723 974
723 982
724 0
724 0
724 0
724 982
724 0
724 0
725 0
725 0
725 1000
725 0
725 0
725 982
725 0
725 0
727 0
727 0
727 0
727 0
727 0
727 0
729 0
729 994
729 0
729 975
729 0
729 0
729 0
729 0
729 0
729 0
730 993
730 0
730 0
730 0
730 0
730 979
730 0
733 0
733 0
733 0
733 0
733 0
733 0
733 0
733 0
734 0
734 0
734 0
734 0
734 0
734 0
734 0
734 0
734 0
734 0
735 0
735 0
735 0
735 0
735 0
735 0
735 0
735 0
735 0
735 0
735 0
735 0
735 0
735 0
735 0
735 0
735 0
735 0
735 0
735 0
735 0
735 0
735 0
735 0
735 0
735 0
735 0
735 0
735 0
735 0
735 0
735 0
735 0
735 0
735 0
735 0
735 0
735 0
735 0
735 0
735 0
735 0
735 0
735 0
735 0
735 0
735 0
735 0
735 0
735 0
735 947
735 0
735 0
735 0
735 0
735 0
735 0
735 0
735 966
735 970
739 0
739 0
739 0
739 991
739 0
739 0
739 0
739 0
739 0
739 0
739 0
739 0
739 0
739 0
739 0
739 973
739 0
740 0
740 0
740 0
740 0
740 0
740 0
740 0
740 0
740 0
740 0
740 0
740 0
740 0
740 0
740 0
740 0
740 0
743 0
743 0
743 0
743 0
743 0
743 0
743 0
743 0
743 0
743 0
743 0
743 0
743 0
743 0
743 0
743 0
743 0
743 0
743 0
743 0
743 0
743 0
745 0
745 0
745 990
745 989
746 0
746 0
746 0
746 0
746 0
746 0
746 0
746 0
746 0
746 0
746 0
746 0
746 0
746 0
746 0
746 0
746 0
746 0
746 0
746 0
746 0
746 0
746 0
746 0
746 0
746 0
746 0
746 0
746 0
746 0
746 0
746 0
746 0
746 0
746 0
746 0
746 0
746 0
746 0
746 0
746 0
746 0
746 0
747 0
747 0
747 0
747 0
747 0
747 0
747 0
747 0
747 0
747 0
747 0
747 963
747 0
747 0
747 964
747 965
747 0
747 0
747 0
747 0
747 0
747 0
748 0
748 0
748 0
748 0
748 0
748 975
748 979
748 0
748 0
748 0
748 0
748 0
748 0
748 0
748 0
748 0
748 0
748 0
748 0
749 0
749 0
749 0
749 0
749 0
750 0
750 0
750 0
750 0
750 0
750 0
750 0
750 0
750 0
750 0
750 0
750 0
750 977
750 0
750 0
750 0
750 0
750 0
751 0
751 0
751 0
751 0
751 0
751 0
751 954
751 965
751 974
753 0
753 0
753 0
753 0
753 0
753 0
753 0
753 0
753 0
753 0
753 0
753 0
753 0
753 0
753 0
753 0
753 0
753 0
753 0
753 0
753 0
753 0
753 0
753 0
753 0
753 0
757 0
757 0
757 0
757 0
757 0
757 0
757 0
757 0
757 0
757 0
758 0
758 0
758 0
758 0
758 0
759 0
759 0
759 0
759 0
759 0
759 0
759 0
760 0
760 0
760 0
760 0
760 0
760 0
760 0
760 0
760 0
760 0
760 0
763 0
763 0
763 0
763 0
763 0
763 0
763 0
763 0
763 0
763 0
763 0
763 0
763 0
763 0
763 0
763 0
763 0
763 0
763 0
763 0
763 0
763 0
763 0
763 0
763 0
763 0
763 0
763 0
763 0
763 0
763 0
763 0
764 0
764 0
764 0
764 0
764 0
764 0
764 0
764 0
764 0
764 0
764 0
764 0
764 0
764 0
764 0
764 979
764 0
764 0
764 0
764 0
765 0
765 0
765 0
765 0
765 0
765 0
765 0
765 0
765 0
765 0
765 0
765 0
765 0
765 0
765 0
765 0
765 0
765 0
765 0
765 0
765 0
765 0
765 0
765 0
765 0
765 0
765 0
765 0
765 0
765 0
765 0
765 0
766 0
766 0
766 0
766 0
766 0
766 0
766 0
766 0
766 0
766 0
766 0
766 0
766 0
766 0
766 0
766 0
766 0
766 0
766 0
766 0
766 0
766 0
766 0
766 0
766 0
766 0
766 0
766 0
766 0
766 0
766 0
766 0
766 0
766 0
766 0
766 0
766 0
766 0
766 0
766 0
766 0
766 0
766 0
766 0
766 0
766 0
766 0
766 0
766 0
767 0
767 0
767 0
767 0
767 0
767 0
767 0
767 0
767 0
767 0
767 0
767 958
767 0
767 0
767 0
767 0
768 0
768 0
768 0
768 0
768 0
768 0
768 0
768 0
768 0
768 0
768 0
768 0
768 0
768 0
768 0
768 0
768 0
768 0
768 0
768 0
768 0
768 0
768 0
768 0
768 0
768 0
769 0
769 0
769 0
769 0
769 0
769 0
769 0
769 0
769 0
769 0
769 0
769 0
769 0
769 0
769 0
769 0
769 0
771 0
771 0
771 0
771 0
771 0
771 0
772 0
772 0
772 0
772 0
772 0
772 0
772 0
772 0
772 0
772 0
772 0
772 0
772 0
772 0
772 0
772 0
773 0
773 0
773 0
773 0
773 0
773 955
773 0
773 0
773 0
773 0
773 0
773 0
775 0
775 0
775 0
775 0
775 0
775 0
775 0
775 0
775 0
775 0
775 0
775 0
776 0
776 0
776 0
776 0
776 0
776 0
776 0
776 0
776 0
776 0
776 0
776 0
776 0
776 0
776 0
776 0
776 0
776 0
776 0
776 0
776 0
776 0
776 0
778 0
778 0
778 0
778 0
778 0
778 0
778 0
778 964
778 0
778 0
778 0
778 0
778 0
778 0
778 0
778 0
778 0
778 0
778 0
778 0
778 0
778 0
778 0
778 0
778 0
778 0
778 0
778 0
778 0
779 0
779 0
779 0
779 0
779 0
779 0
779 0
779 0
779 0
779 0
780 0
780 0
780 0
780 0
780 0
780 0
780 0
780 0
780 0
780 0
780 0
780 0
780 0
780 0
780 0
780 0
780 0
780 0
780 0
780 0
780 0
780 0
780 0
780 0
780 0
780 0
780 0
780 0
780 0
780 0
780 0
780 0
780 0
780 0
780 0
780 0
781 0
781 0
781 0
781 0
781 0
781 0
781 0
781 0
781 0
781 0
781 0
781 0
781 0
781 0
781 0
781 0
781 0
781 0
781 0
781 0
781 0
781 0
783 0
783 0
783 0
783 0
783 0
783 0
783 0
783 0
783 0
783 0
783 0
783 0
783 0
783 0
783 0
783 0
784 0
784 0
784 0
784 0
784 0
785 0
785 0
785 0
785 0
787 1003
787 998
787 0
787 0
787 0
787 0
787 0
787 0
787 0
787 0
787 0
787 0
787 0
787 0
787 0
787 0
788 0
788 1003
788 0
788 1003
788 0
788 0
788 0
788 0
788 0
788 0
788 993
788 0
788 0
788 0
788 0
788 0
788 0
788 0
788 0
788 0
788 0
788 0
788 981
788 0
788 0
788 0
788 0
788 969
788 0
788 0
789 0
789 0
789 993
789 0
789 0
789 0
789 0
789 0
789 0
789 0
789 0
789 0
789 0
789 0
789 0
789 0
789 0
789 0
790 998
790 0
790 0
791 0
791 968
791 0
791 0
792 0
792 993
792 0
792 0
792 0
792 0
792 0
792 0
792 0
792 934
792 0
792 0
792 0
792 991
792 0
792 0
792 0
792 0
792 0
792 0
794 0
794 0
794 0
794 0
794 0
794 0
794 987
794 0
794 0
794 0
794 0
794 0
794 0
796 0
796 0
796 0
796 0
796 0
796 0
796 929
796 0
796 0
796 0
796 0
796 0
796 0
796 0
796 0
796 0
796 0
796 0
796 0
796 0
796 0
796 0
796 0
797 0
797 0
797 0
797 0
797 995
797 0
797 0
797 0
797 0
797 0
798 0
798 0
798 0
798 0
798 0
798 0
798 0
798 0
798 0
798 0
798 0
798 0
798 0
798 0
800 0
800 0
800 0
800 968
800 0
800 0
800 0
800 0
800 985
801 0
801 0
801 0
807 0
807 0
807 0
809 0
809 0
809 0
809 0
809 0
809 0
809 0
809 0
809 0
809 0
809 0
809 0
809 0
809 0
809 0
809 0
809 0
809 0
809 0
810 0
810 0
810 0
810 0
810 0
810 0
810 0
811 0
811 0
811 0
811 0
811 0
811 0
811 0
811 0
811 0
811 0
811 0
811 0
811 0
811 0
811 0
811 0
811 0
811 0
811 0
811 0
812 0
812 0
814 0
814 0
814 0
814 0
814 0
814 0
814 0
814 0
814 0
814 0
814 0
814 0
814 0
814 0
814 0
814 0
814 0
814 0
814 0
815 0
815 0
815 0
815 0
815 0
815 0
815 0
815 0
815 0
815 0
815 0
815 0
815 0
815 0
815 0
815 0
815 0
815 0
815 0
815 0
815 0
815 0
815 0
815 0
815 0
815 0
815 0
815 0
815 0
815 0
815 0
815 994
815 0
815 0
815 0
815 0
815 0
815 0
815 0
815 937
817 0
817 0
817 0
817 0
817 0
817 0
817 0
817 0
817 0
817 0
817 0
817 0
817 0
817 0
817 0
817 0
819 0
819 985
819 0
819 0
819 0
819 982
819 0
819 0
819 0
819 952
819 944
819 0
819 0
819 944
819 936
819 0
819 0
819 958
819 954
819 0
819 977
819 970
819 0
819 0
819 0
819 975
819 0
819 0
819 0
819 965
819 962
820 0
820 0
820 975
820 0
820 0
820 969
820 0
820 0
820 0
820 0
820 0
820 0
820 0
820 0
820 0
820 0
820 0
820 0
820 0
820 0
820 0
820 0
821 0
821 0
821 0
821 0
821 0
821 0
821 0
821 0
821 0
821 0
821 0
821 0
821 0
821 0
821 0
821 0
821 0
821 0
821 0
821 0
821 0
821 0
821 0
821 0
821 0
821 0
823 0
823 0
823 0
823 0
823 0
823 0
823 0
823 0
823 0
823 0
823 0
823 0
823 0
823 967
823 0
823 0
823 0
823 0
823 0
823 0
823 0
823 972
824 0
824 0
825 1007
825 0
825 0
825 0
825 0
825 0
825 0
825 0
825 0
825 0
825 980
825 0
825 963
825 0
825 0
825 0
825 0
825 0
825 0
825 0
825 0
825 0
825 0
825 0
825 0
825 0
826 0
826 0
826 990
826 0
826 0
826 0
826 990
826 0
826 0
826 0
826 950
826 938
826 0
826 0
826 940
826 0
826 0
826 0
826 960
826 0
826 0
826 982
826 0
827 0
827 979
827 0
827 0
827 996
827 996
827 0
827 0
827 996
827 995
827 0
827 0
827 993
827 988
827 0
827 0
827 970
827 0
827 0
827 914
827 938
827 0
827 0
827 0
827 950
827 0
827 0
827 0
827 950
827 0
829 0
829 0
829 0
829 984
829 0
831 0
831 1002
832 0
832 0
832 979
832 0
832 0
832 0
832 991
832 0
832 0
832 0
832 0
832 0
832 0
832 974
832 0
832 0
832 0
832 0
832 0
832 968
832 0
832 963
832 0
832 0
832 0
832 0
832 0
832 954
832 0
832 0
832 0
832 0
836 0
836 0
836 983
836 0
836 0
836 980
837 0
837 0
837 970
837 0
837 0
837 970
837 0
837 0
837 0
837 985
837 0
839 989
839 979
839 979
839 0
839 973
839 0
839 0
839 0
839 946
841 0
841 0
841 0
841 0
841 0
841 0
841 0
841 0
841 0
841 945
841 0
841 0
841 0
841 945
841 0
841 0
841 0
841 975
841 0
841 0
841 0
841 987
841 0
841 0
841 0
841 984
841 0
841 0
841 0
841 957
841 0
841 0
841 0
841 963
841 0
841 0
841 0
841 963
841 0
841 0
841 0
841 963
841 0
841 0
841 0
841 964
841 0
841 0
841 0
841 972
841 0
841 0
841 0
841 978
841 0
841 0
841 0
841 970
841 0
841 0
841 0
841 0
841 0
841 0
841 0
841 972
841 0
841 0
841 0
841 0
841 0
844 992
844 0
844 0
844 0
848 0
848 0
848 0
848 0
848 0
848 0
848 0
848 962
848 962
848 962
848 960
848 952
848 948
848 955
848 955
848 957
848 963
848 967
848 971
848 970
848 968
848 971
848 973
848 972
848 971
848 972
848 974
848 979
848 0
849 997
849 994
849 989
849 985
849 979
849 974
849 968
849 963
849 956
849 944
849 935
849 938
849 946
849 955
849 963
849 970
849 977
849 982
850 0
850 0
850 0
850 0
850 0
850 0
850 0
850 0
851 0
851 0
851 0
851 0
851 0
851 0
851 0
853 1002
853 998
853 993
853 987
853 984
853 983
853 980
853 977
853 967
853 955
853 943
853 934
853 938
853 943
853 946
853 950
853 954
853 957
853 959
853 963
853 966
854 0
854 0
854 0
854 0
854 0
854 0
854 0
854 0
854 0
854 0
854 0
854 0
854 0
854 0
854 0
854 0
854 0
854 0
855 988
855 987
855 990
855 995
855 995
855 992
855 990
855 987
855 985
855 983
855 977
855 970
855 968
855 970
855 970
855 968
855 972
855 0
855 0
855 0
858 974
859 0
859 0
859 0
860 1007
860 0
860 984
860 0
860 0
862 0
862 994
862 0
862 0
863 997
863 0
863 0
863 0
863 0
863 0
863 0
863 1000
863 0
863 0
863 0
863 0
863 997
863 0
863 0
863 0
863 0
863 0
863 0
863 0
863 0
863 979
863 0
863 0
863 0
863 0
863 0
863 950
863 0
864 0
864 0
864 0
864 0
864 0
864 0
864 0
864 0
864 0
864 0
864 959
864 959
864 959
864 959
864 959
864 959
864 959
864 959
864 959
864 959
864 0
864 0
864 0
864 0
864 0
864 0
864 0
864 0
864 0
864 0
864 0
864 0
864 0
864 0
864 0
864 0
864 0
864 0
864 0
866 0
866 0
866 0
866 0
866 0
866 0
866 0
868 0
868 0
868 0
868 0
868 0
868 0
868 0
868 0
868 0
868 0
868 0
868 0
868 0
868 0
868 0
870 0
870 0
870 0
870 0
870 0
870 0
870 0
871 990
871 0
871 0
871 0
871 980
871 973
871 0
871 0
871 965
871 947
871 0
871 0
871 952
871 0
871 0
871 0
871 958
871 0
871 0
871 0
871 940
871 0
871 0
871 0
871 945
871 0
871 0
871 0
871 948
871 944
871 948
871 940
871 934
871 939
871 932
871 932
871 938
871 950
871 960
871 969
871 970
871 966
871 958
871 0
871 965
871 0
871 0
872 0
872 981
872 0
872 0
874 0
874 1002
874 992
874 0
874 0
874 984
874 982
874 976
874 0
874 990
874 0
874 992
874 0
874 989
874 0
874 0
875 0
875 973
875 989
875 0
875 986
875 982
875 0
875 0
875 957
875 952
875 0
875 950
875 945
875 954
875 0
875 0
875 954
875 0
875 0
875 0
875 0
875 0
875 0
875 0
875 978
875 976
875 0
875 0
875 980
875 962
875 0
875 0
875 970
875 0
876 984
876 981
876 978
876 975
876 973
876 970
876 968
876 966
876 965
876 962
876 959
876 956
876 953
876 948
876 944
876 940
876 937
876 936
876 936
876 936
876 935
876 931
876 940
876 955
877 0
877 0
877 0
877 0
877 0
877 0
877 0
877 0
877 0
877 0
877 0
877 0
877 0
877 0
877 0
877 0
877 0
877 0
877 976
877 0
877 0
877 0
877 975
877 0
877 0
877 980
877 0
877 0
877 0
877 0
877 0
877 0
877 0
877 0
877 0
877 0
877 0
877 970
877 0
878 0
878 975
878 967
878 0
878 969
878 970
878 983
878 0
878 0
878 975
878 966
878 965
878 965
878 966
878 961
878 960
878 956
878 949
878 944
878 939
878 934
878 930
878 927
878 928
878 932
878 938
878 944
878 948
878 945
878 942
878 950
878 947
878 957
878 949
878 955
878 968
878 972
878 978
878 0
880 999
880 0
880 997
880 991
880 974
880 0
880 960
880 0
880 968
880 954
880 948
880 0
880 0
880 0
880 0
880 0
880 0
880 0
880 0
882 991
882 0
882 991
882 969
882 952
882 0
882 963
882 0
882 956
882 942
882 937
882 0
882 920
882 0
882 930
883 0
883 974
883 0
883 0
885 986
885 991
885 988
885 0
885 990
885 0
888 0
888 994
888 0
888 0
888 986
888 0
888 0
888 0
888 969
888 0
888 0
888 965
888 968
888 0
888 975
888 0
888 0
888 0
888 0
889 987
889 0
889 981
889 978
889 976
889 0
889 973
889 969
889 962
889 0
889 960
889 960
889 964
889 0
889 0
889 972
889 950
889 0
890 0
890 987
890 996
890 0
890 1000
890 988
890 981
890 981
890 0
890 0
890 979
890 974
890 969
890 0
890 985
890 0
891 994
891 0
891 0
891 0
891 0
891 962
891 0
891 958
891 0
891 961
891 0
891 0
891 985
891 976
891 978
891 0
891 983
891 979
891 0
891 0
891 0
891 0
891 0
893 996
893 0
893 0
893 997
893 0
894 1000
894 0
894 0
894 1002
894 999
894 0
895 1000
895 0
895 0
895 993
895 990
895 0
895 998
895 1000
895 1000
895 0
895 996
895 0
895 999
896 0
896 0
896 994
896 978
896 981
896 981
896 974
896 975
896 970
896 0
896 968
896 968
896 0
896 0
896 940
896 944
896 944
896 995
896 970
896 970
896 0
896 0
896 985
896 0
896 0
896 0
896 985
896 0
896 0
896 0
896 986
896 0
896 0
896 989
896 990
896 990
896 983
896 0
896 975
896 965
896 965
896 969
896 969
896 972
896 0
896 970
896 963
896 963
896 0
896 0
896 985
897 983
897 0
897 0
897 0
897 0
897 0
897 0
897 0
897 0
897 989
897 987
897 990
897 988
897 0
897 990
897 987
897 982
897 0
897 976
897 985
897 0
897 988
897 986
897 978
897 979
897 980
897 972
897 975
897 0
897 0
897 968
897 963
897 0
897 0
897 958
903 0
903 993
903 993
903 0
903 970
903 962
903 955
903 0
903 0
903 950
903 950
903 0
903 0
903 0
903 0
903 0
903 0
903 0
903 0
903 0
903 0
903 987
903 984
903 968
903 971
903 0
903 980
903 0
903 0
903 980
903 983
903 982
903 0
903 0
903 970
903 0
903 0
903 0
904 0
904 984
904 984
904 0
904 981
904 994
904 976
904 973
904 0
904 0
904 971
904 960
904 0
904 942
904 0
904 958
904 0
904 0
904 964
904 956
904 0
904 0
904 0
904 963
904 0
904 972
904 970
904 962
904 964
904 966
904 0
904 0
904 0
905 0
905 1007
905 0
905 0
905 0
905 999
905 986
905 0
905 989
905 984
905 0
905 0
905 0
905 976
905 977
905 0
905 0
905 983
905 977
905 0
905 0
905 974
905 976
905 0
905 0
905 0
905 0
905 0
905 0
905 0
905 969
905 0
905 0
905 0
907 992
907 994
907 0
907 0
907 996
907 992
907 0
907 0
907 995
907 0
907 1001
907 0
907 954
907 945
907 951
907 951
907 952
907 953
907 962
907 951
907 960
907 962
907 962
907 965
907 967
907 964
907 964
907 0
907 980
907 977
907 984
907 980
907 984
907 982
907 980
907 977
907 982
907 974
907 980
907 982
907 973
908 984
908 978
908 977
908 955
908 951
908 941
908 942
908 0
908 0
908 0
908 960
908 964
908 962
908 961
908 959
909 979
909 0
909 0
909 964
909 968
909 0
909 0
909 980
909 986
909 990
909 994
912 0
912 0
912 0
912 0
912 0
912 0
912 0
912 0
912 0
913 0
913 0
913 0
913 1002
913 994
913 990
913 0
913 984
913 0
913 980
913 988
913 987
913 970
913 0
913 942
913 945
913 0
913 0
913 955
913 950
913 951
913 946
913 951
913 946
913 943
913 954
913 952
913 968
913 973
913 968
913 966
913 0
913 956
913 956
913 957
913 952
913 961
913 954
913 952
913 948
913 0
913 0
913 951
913 953
913 941
913 948
913 965
914 0
914 0
914 974
914 974
914 0
914 0
914 0
914 980
914 0
914 992
914 0
914 988
914 0
914 0
914 0
914 0
914 991
914 0
914 0
914 986
914 986
914 986
914 0
914 998
914 0
914 0
914 0
914 0
914 0
914 992
914 0
914 0
914 988
914 0
914 0
914 0
914 984
914 0
914 0
914 0
914 0
914 0
916 991
916 0
916 992
916 998
916 992
916 988
916 986
916 0
916 0
916 977
916 0
917 990
917 990
917 986
917 983
917 0
917 976
917 980
917 0
917 970
917 974
917 0
917 970
917 981
917 993
917 998
917 997
918 985
918 986
919 0
919 995
919 998
919 998
920 0
920 0
920 0
920 0
920 997
920 0
920 0
920 989
920 0
920 0
920 0
920 990
920 0
920 0
920 0
920 993
920 996
920 0
922 0
922 0
922 0
922 0
922 992
922 0
922 993
922 995
922 986
922 990
922 0
922 997
922 995
922 0
922 987
922 993
922 989
922 983
922 979
922 973
922 962
922 957
922 956
922 960
922 963
922 963
922 963
922 970
922 966
922 0
922 967
922 0
922 988
922 963
922 0
922 963
922 963
922 957
922 958
922 0
922 0
922 0
922 0
922 950
922 0
922 0
922 0
922 0
922 954
922 0
922 0
922 0
922 0
922 0
922 0
922 0
925 995
925 982
925 0
925 965
925 961
925 962
925 0
925 955
925 0
925 932
925 929
925 0
925 0
925 0
925 987
925 0
925 0
925 0
925 0
925 0
925 0
925 0
925 0
925 0
925 995
925 989
925 985
925 986
925 985
925 0
925 987
925 984
925 988
925 985
925 0
925 980
925 970
925 983
925 974
925 974
925 961
925 0
925 0
925 972
925 972
925 0
925 953
925 956
925 948
925 951
925 0
925 953
925 960
925 962
925 961
927 986
927 0
927 0
927 0
927 0
927 0
927 989
927 989
927 0
927 0
927 988
927 0
927 0
927 0
927 0
927 0
928 994
928 0
928 998
928 0
929 989
929 0
929 0
929 0
929 950
929 0
929 0
929 947
929 951
929 967
929 0
929 0
929 978
929 1006
929 997
929 991
929 989
929 985
929 0
929 980
929 978
929 975
929 970
929 964
929 967
929 0
929 0
929 0
929 0
929 977
929 978
929 970
929 967
929 0
929 949
929 961
929 923
929 923
929 931
929 0
929 0
929 0
929 0
930 0
930 997
930 0
930 0
930 0
930 998
930 0
930 0
930 0
930 987
930 0
930 0
930 0
930 964
930 0
930 0
930 0
930 958
930 0
930 0
930 0
930 962
930 0
930 0
930 0
930 973
930 0
930 0
930 0
930 970
930 0
930 0
930 0
930 967
930 0
930 0
930 0
930 969
930 0
930 0
930 0
930 0
930 0
930 0
931 0
931 0
931 984
931 0
931 0
931 0
931 0
931 0
931 989
931 0
931 0
931 983
931 0
931 0
931 0
931 973
931 980
931 0
931 0
931 975
931 981
931 986
933 987
933 999
933 993
933 996
933 0
933 0
935 995
935 0
935 0
935 0
935 0
935 0
935 999
935 0
935 0
935 0
935 989
935 0
935 0
935 0
935 0
935 981
935 0
935 0
935 991
935 0
935 0
935 0
935 994
935 0
935 0
935 0
936 999
936 0
936 994
937 992
937 0
937 991
937 990
937 990
937 0
939 985
939 0
939 1001
939 992
939 0
939 0
939 0
939 999
939 0
939 1006
939 0
943 996
943 0
943 990
943 0
943 986
943 986
943 990
943 0
943 980
943 0
943 977
943 978
943 965
943 966
943 0
943 985
943 983
943 981
943 0
943 0
945 997
945 0
945 0
945 998
946 970
946 964
946 0
946 0
946 0
946 908
946 905
946 0
946 0
946 0
946 909
946 0
946 0
947 0
947 984
947 980
947 976
947 971
947 967
947 968
947 974
947 972
947 976
947 978
947 974
947 966
947 956
947 953
947 953
947 951
947 959
947 960
947 959
947 959
947 959
947 0
947 964
947 0
947 965
947 0
947 0
947 0
947 0
947 0
947 0
947 0
947 0
949 995
949 0
949 990
949 0
949 973
949 0
949 0
949 0
949 0
949 0
950 0
950 991
950 986
950 984
950 979
950 979
951 992
951 0
951 0
951 994
951 984
951 999
951 0
951 1000
951 1002
952 0
952 0
952 990
952 0
952 0
952 0
952 990
952 0
952 0
952 0
952 987
952 0
952 0
952 0
952 989
952 0
952 0
952 0
952 980
952 0
952 0
952 0
952 964
952 0
952 0
952 0
952 980
952 0
952 0
952 0
952 981
952 0
952 0
952 0
952 988
952 0
952 0
952 0
952 985
952 0
952 0
952 0
953 987
953 0
953 985
953 0
953 985
953 0
953 0
957 0
957 984
957 0
957 0
957 0
957 994
957 990
957 0
957 0
957 985
957 978
957 0
957 980
957 0
958 993
958 0
958 973
958 0
958 973
958 0
958 980
958 0
958 987
958 0
958 992
960 992
960 0
960 0
960 0
961 0
961 0
961 979
961 0
961 986
961 0
962 0
962 993
964 965
964 975
964 986
964 984
964 0
964 988
964 971
964 945
964 950
967 993
967 0
967 0
967 984
967 973
967 967
967 967
967 0
970 989
970 0
970 980
970 0
970 974
970 980
971 0
971 0
973 974
973 0
973 0
973 0
973 976
974 990
974 982
974 977
974 0
974 978
974 979
974 984
974 0
977 993
977 0
977 982
977 0
977 0
977 960
977 943
977 0
977 0
977 0
977 0
977 982
977 979
977 977
977 978
978 987
978 993
978 992
978 992
978 988
978 988
979 991
979 0
979 0
979 0
979 985
979 0
979 0
979 0
979 0
979 959
979 0
979 0
979 0
979 964
979 0
979 0
979 981
979 0
979 0
979 0
979 987
979 0
979 987
979 0
979 992
979 0
979 0
979 0
979 0
979 0
979 0
979 0
979 987
979 0
979 0
979 0
979 0
979 0
979 0
979 0
979 993
979 0
979 994
979 995
979 995
979 994
979 993
979 993
979 994
979 992
979 988
979 986
979 993
979 988
979 980
979 981
979 984
979 980
979 976
979 976
979 982
979 983
979 980
979 978
979 975
979 969
979 969
979 976
979 981
979 980
979 985
979 982
979 983
979 985
979 988
979 985
979 985
979 984
981 993
981 989
981 0
986 986
986 983
986 982
986 978
986 978
986 983
987 987
987 0
987 976
987 0
987 977
987 978
987 981
987 982
987 986
987 989
987 989
987 989
987 996
987 999
989 0
989 998
989 0
989 997
989 0
992 0
992 0
992 986
992 990
992 0
992 0
992 0
992 0
992 0
992 995
994 0
994 977
994 0
997 0
997 0
997 0
997 985
997 0
997 0
997 984
997 981
997 977
997 0
997 0
997 962
997 0
997 0
997 0
998 998
998 0
998 0
998 996
998 993
998 0
998 0
998 0
998 993
998 983
998 978
998 0
1004 1000
1004 992
1004 0
1004 987
1004 0
1004 0
1004 0
1004 977
1004 0
1004 0
1004 0
1004 0
1004 0
1004 0
1004 0
1004 0
1004 0
1005 988
1005 0
1005 0
1005 972
1005 960
1005 0
1005 933
1005 928
1005 956
1005 0
1005 985
1005 0
1005 983
1005 971
1005 969
1005 0
1005 967
1005 0
1005 950
1005 944
1005 937
1005 0
1005 0
1008 0
1008 0
1008 0
1008 977
1008 0
1008 0
1008 0
1008 0
1008 971
1008 0
1009 999
1009 0
1009 1000
1009 1001
1009 1004
1009 1005
1009 0
1012 987
1012 984
1012 981
1012 980
1012 980
1013 990
1013 990
1013 989
1013 987
1013 973
1013 963
1013 963
1014 990
1014 990
1014 990
1014 990
1014 984
1014 984
1014 984
1014 984
1014 970
1014 965
1014 965
1014 965
1014 965
1014 965
1014 965
1014 970
1015 1002
1015 997
1015 993
1015 986
1015 980
1015 968
1015 958
1015 955
1016 990
1016 988
1016 985
1016 985
1016 985
1016 979
1016 982
1016 985
1016 985
1016 985
1016 979
1016 977
1016 977
1016 977
1017 990
1017 990
1017 990
1017 990
1017 990
1017 990
1017 990
1017 990
1017 990
1017 992
1017 992
1017 1000
1017 998
1017 995
1017 990
1017 990
1017 985
1017 975
1017 975
1017 975
1017 975
1017 975
1017 975
1017 975
1017 969
1017 954
1017 942
1017 939
1017 939
1017 950
1017 960
1017 960
1022 985
1022 972
1022 962
1022 959
1022 958
1022 957
1022 959
1022 963
1022 970
1022 977
1023 993
1023 989
1023 0
1023 0
1023 0
1023 0
1023 964
1023 0
1023 0
1023 0
1023 971
1023 0
1023 0
1023 0
1025 990
1025 991
1025 988
1025 984
1025 980
1025 976
1025 0
1025 0
1025 975
1025 0
1025 0
1025 0
1025 975
1025 0
1025 0
1025 0
1025 974
1025 0
1025 0
1025 0
1025 975
1025 0
1025 0
1025 0
1025 977
1025 0
1025 0
1025 0
1025 975
1025 0
1025 0
1025 0
1025 0
1025 0
1025 980
1025 0
1025 0
1025 984
1025 988
1025 994
1026 991
1026 0
1026 0
1026 987
1026 980
1026 0
1026 975
1026 0
1026 968
1026 963
1026 966
1026 0
1026 0
1026 0
1026 0
1026 0
1026 0
1026 0
1026 0
1026 0
1026 992
1026 0
1028 984
1028 979
1028 973
1028 970
1028 971
1028 977
1028 981
1028 985
1028 988
1028 990
1028 992
1028 993
1029 990
1029 0
1029 995
1029 0
1030 997
1030 991
1030 988
1030 986
1030 985
1030 979
1030 972
1030 963
1030 945
1030 931
1030 926
1030 940
1030 978
1031 995
1031 0
1032 993
1032 994
1032 998
1033 988
1033 984
1033 980
1033 984
1033 988
1034 994
1034 996
1034 998
1034 999
1039 990
1039 980
1039 980
1039 988
1039 998
1041 980
1041 978
1041 975
1041 970
1041 960
1041 960
1041 977
1041 981
1041 983
1041 983
1041 981
1041 976
1041 970
1041 962
1041 958
1041 956
1041 956
1041 960
1041 975
1041 980
1042 992
1042 985
1042 980
1042 976
1042 0
1042 0
1042 985
1042 0
1042 0
1042 0
1042 0
1042 0
1042 992
1043 989
1043 0
1043 982
1043 0
1043 974
1043 968
1043 952
1043 947
1043 957
1043 964
1043 964
1047 995
1047 0
1047 0
1047 990
1047 998
1049 988
1049 991
1049 986
1051 980
1051 966
1051 954
1051 947
1051 941
1051 938
1051 941
1051 944
1051 942
1051 938
1051 933
1051 929
1051 925
1051 924
1051 924
1051 927
1051 928
1051 927
1051 926
1051 953
1051 978
1051 1002
1051 997
1051 990
1051 984
1051 979
1051 976
1051 974
1051 973
1051 972
1051 971
1051 970
1051 970
1051 970
1051 972
1053 987
1053 988
1053 990
1053 990
1053 987
1053 985
1053 983
1053 980
1053 968
1053 960
1053 952
1053 943
1053 950
1053 946
1053 955
1053 975
1054 992
1054 990
1054 988
1054 985
1054 985
1054 985
1054 985
1054 985
1054 985
1054 985
1054 987
1054 989
1054 991
1054 993
1054 992
1054 988
1054 985
1054 980
1054 975
1054 975
1054 976
1054 977
1054 978
1054 979
1054 980
1054 985
1054 988
1054 992
1055 990
1055 983
1055 984
1055 992
1057 985
1057 980
1057 975
1057 965
1057 950
1057 948
1057 945
1057 930
1057 911
1057 916
1057 932
1057 940
1057 945
1057 955
1057 955
1057 955
1057 945
1057 935
1057 910
1057 899
1057 920
1057 945
1057 960
1057 940
1057 912
1057 909
1057 916
1057 925
1057 935
1057 945
1057 960
1057 970
1058 985
1058 975
1058 975
1058 975
1058 985
1058 990
1058 990
1058 990
1058 990
1058 990
1058 990
1058 990
1058 990
1058 990
1058 995
1059 992
1059 990
1059 989
1059 990
1059 991
1061 988
1061 985
1061 986
1061 988
1061 990
1061 991
1061 992
1061 994
1061 995
1062 986
1062 978
1062 970
1062 965
1062 960
1062 958
1062 960
1062 965
1062 966
1062 967
1062 968
1062 970
1062 968
1062 965
1062 967
1062 968
1062 970
1062 970
1062 970
1062 970
1062 970
1062 968
1062 965
1062 965
1062 965
1062 965
1062 965
1062 965
1062 965
1062 965
1062 965
1062 965
1062 965
1062 965
1062 965
1062 965
1062 965
1062 968
1062 970
1062 970
1062 970
1062 970
1062 970
1062 972
1062 974
1062 978
1062 986
1062 986
1062 988
1063 993
1063 993
1063 993
1063 993
1065 992
1065 985
1065 976
1065 970
1065 970
1065 970
1065 970
1065 970
1065 970
1065 970
1065 970
1065 970
1065 970
1065 971
1065 973
1065 975
1065 977
1065 978
1065 978
1065 980
1065 985
1065 988
1065 990
1065 990
1066 992
1066 986
1066 988
1066 992
1066 994
1066 995
1067 988
1067 988
1067 985
1067 985
1067 985
1067 988
1067 990
1067 990
1067 990
1071 995
1071 995
1072 976
1072 974
1072 972
1072 971
1072 970
1072 968
1072 967
1072 966
1072 967
1072 968
1072 970
1072 971
1072 972
1072 974
1072 976
1072 978
1073 997
1073 994
1073 991
1073 988
1073 985
1073 981
1073 978
1073 975
1073 975
1073 989
1073 995
1073 998
1074 996
1074 993
1074 990
1074 988
1074 988
1074 989
1074 990
1074 992
1074 997
1075 990
1075 985
1075 983
1075 980
1075 978
1075 976
1075 960
1075 952
1075 946
1075 952
1075 958
1075 963
1075 970
1075 975
1075 980
1075 990
1075 991
1075 992
1075 993
1075 995
1075 996
1075 997
1076 987
1076 983
1076 980
1076 977
1076 976
1076 976
1076 980
1076 982
1076 968
1076 966
1076 970
1076 966
1076 962
1076 966
1076 959
1076 960
1076 962
1076 965
1076 968
1076 972
1076 976
1076 980
1076 983
1076 986
1076 989
1078 988
1078 980
1078 988
1078 996
1080 985
1080 992
1084 993
1084 990
1084 980
1084 969
1084 966
1084 966
1084 966
1084 966
1084 966
1084 966
1084 966
1084 960
1084 950
1084 952
1084 954
1084 960
1084 970
1084 979
1084 987
1084 987
1084 987
1086 991
1086 987
1086 983
1086 974
1086 969
1086 963
1086 965
1087 993
1087 986
1088 994
1088 994
1088 994
1088 994
1088 994
1094 991
1094 986
1094 980
1094 973
1094 960
1094 952
1094 949
1094 963
1094 967
1094 970
1094 972
1094 978
1094 990
1098 996
1098 993
1100 987
1100 987
1100 985
1100 983
1100 979
1100 974
1100 971
1100 970
1100 973
1100 977
1100 976
1100 971
1100 973
1100 975
1100 973
1100 977
1100 975
1100 971
1100 968
1100 965
1100 966
1100 973
1100 971
1100 973
1100 977
1100 982
1100 986
1100 988
1101 992
1101 989
1101 986
1101 984
1101 982
1101 981
1101 980
1101 980
1101 979
1101 978
1101 977
1101 975
1101 971
1101 975
1101 977
1101 980
1101 982
1101 983
1101 984
1102 980
1102 980
1102 980
1102 980
1102 980
1102 980
1102 980
1102 980
1102 980
1102 980
1102 987
1104 1003
1104 1002
1105 988
1105 987
1105 986
1105 985
1105 981
1105 980
1105 981
1106 997
1106 995
1106 988
1106 988
1107 994
1107 990
1107 986
1107 980
1107 974
1107 978
1107 977
1107 976
1107 975
1107 974
1107 971
1107 965
1107 961
1107 954
1107 953
1107 957
1107 959
1109 1000
1109 1000
1109 996
1109 992
1109 990
1109 990
1109 989
1109 987
1109 980
1109 956
1109 952
1109 950
1109 935
1109 920
1109 920
1109 926
1109 933
1109 940
1109 944
1109 946
1109 944
1109 942
1109 942
1109 951
1109 964
1112 982
1112 975
1112 972
1112 971
1112 973
1112 975
1112 974
1113 987
1113 981
1113 984
1113 982
1113 977
1113 976
1113 975
1113 975
1113 972
1113 967
1113 968
1113 971
1113 976
1113 972
1113 968
1113 956
1113 955
1113 954
1113 961
1113 965
1113 967
1113 975
1113 983
1115 1001
1115 999
1115 995
1115 992
1116 991
1116 988
1116 987
1116 990
1118 999
1118 996
1118 993
1118 988
1118 985
1118 983
1118 983
1118 983
1118 983
1118 982
1118 980
1118 979
1118 979
1118 980
1118 980
1118 981
1118 982
1118 983
1118 983
1118 984
1118 984
1118 985
1118 985
1118 986
1118 986
1118 987
1118 988
1118 989
1118 990
1119 1001
1119 1000
1119 1000
1119 1001
1119 1002
1121 988
1121 987
1121 987
1121 987
1121 987
1121 988
1121 988
1125 978
1125 971
1125 958
1125 960
1125 984
1125 985
1125 974
1125 974
1125 976
1125 979
1125 983
1126 993
1126 993
1130 992
1130 987
1133 985
1133 983
1134 989
1134 982
1134 975
1134 970
1134 964
1134 962
1134 960
1134 960
1134 960
1134 952
1134 934
1134 905
1134 888
1134 889
1134 892
1134 925
1134 944
1134 949
1134 950
1134 950
1134 949
1134 946
1134 948
1134 950
1134 964
1135 998
1135 983
1135 978
1135 972
1135 965
1135 959
1135 953
1135 945
1135 939
1135 938
1135 940
1135 944
1135 948
1135 954
1135 959
1135 963
1135 966
1135 968
1135 971
1135 973
1135 975
1135 976
1135 977
1135 979
1135 979
1135 979
1135 979
1135 977
1135 975
1135 972
1135 970
1135 970
1135 973
1135 979
1135 985
1135 990
1137 990
1137 987
1137 984
1137 980
1137 976
1137 970
1137 960
1137 953
1137 956
1137 967
1137 971
1137 973
1137 972
1137 970
1137 964
1137 952
1137 937
1137 932
1137 936
1137 983
1141 991
1141 987
1141 984
1142 994
1142 992
1142 990
1142 987
1142 985
1142 985
1142 986
1142 986
1142 985
1142 984
1142 983
1142 983
1142 980
1142 980
1142 979
1142 978
1142 975
1142 971
1142 968
1142 969
1142 979
1142 972
1142 975
1142 978
1143 986
1143 983
1143 981
1143 979
1143 977
1143 975
1143 973
1143 971
1143 970
1143 969
1143 968
1143 969
1143 971
1143 973
1143 976
1143 980
1143 983
1143 986
1144 988
1144 982
1144 979
1144 979
1144 979
1144 982
1144 984
1144 988
1145 987
1145 987
1145 987
1145 987
1145 980
1145 977
1145 974
1145 970
1145 966
1145 960
1145 948
1145 937
1145 927
1145 940
1145 942
1145 942
1145 944
1145 941
1145 941
1145 941
1145 944
1145 942
1145 944
1145 944
1145 943
1145 948
1145 950
1145 951
1145 951
1145 955
1145 961
1145 970
1145 979
1145 987
1145 988
1145 990
1145 990
1146 987
1146 984
1146 980
1146 975
1146 970
1146 962
1146 957
1146 940
1146 918
1146 923
1146 927
1146 940
1146 941
1146 941
1146 943
1146 949
1146 945
1146 934
1146 940
1146 945
1146 958
1146 959
1146 962
1146 964
1146 966
1146 957
1146 957
1146 958
1146 953
1146 950
1146 950
1146 948
1146 944
1146 935
1146 952
1148 986
1148 983
1151 990
1151 988
1151 989
1151 985
1151 979
1151 974
1151 975
1151 976
1151 977
1151 977
1151 977
1151 977
1151 975
1151 973
1153 990
1153 986
1153 980
1156 990
1156 984
1156 980
1156 973
1156 967
1156 965
1156 966
1156 969
1156 973
1156 978
1156 981
1156 984
1156 982
1156 979
1156 975
1156 972
1156 968
1156 963
1156 958
1156 956
1156 959
1156 961
1156 964
1156 967
1156 970
1156 974
1156 978
1156 982
1156 985
1158 994
1158 983
1158 978
1158 979
1158 979
1158 985
1158 994
1158 990
1158 987
1158 987
1158 987
1158 987
1158 987
1158 984
1158 980
1158 979
1158 979
1158 980
1158 986
1158 987
1158 987
1158 987
1158 987
1158 987
1158 987
1158 987
1158 987
1158 987
1158 987
1158 987
1158 987
1158 987
1158 987
1159 987
1159 986
1159 984
1159 980
1159 984
1159 985
1160 985
1160 991
1160 992
1161 987
1161 987
1161 988
1161 990
1161 995
1161 995
1161 994
1161 993
1161 992
1161 992
1163 995
1163 990
1163 990
1163 994
1163 994
1163 993
1163 992
1163 989
1163 991
1165 986
1165 980
1165 979
1165 974
1165 965
1165 957
1165 950
1165 953
1165 964
1166 979
1166 965
1166 953
1166 946
1166 946
1166 960
1166 962
1166 964
1166 966
1166 967
1166 972
1166 976
1166 980
1166 984
1166 988
1170 985
1170 983
1170 983
1170 982
1170 980
1170 981
1170 982
1171 980
1171 981
1173 994
1173 981
1173 969
1173 961
1173 947
1173 933
1173 922
1173 930
1173 937
1173 951
1173 947
1173 943
1173 948
1173 946
1173 941
1173 937
1173 955
1173 973
1174 988
1174 980
1174 976
1174 973
1174 970
1174 970
1174 973
1174 974
1174 973
1174 972
1174 970
1174 968
1174 965
1174 966
1174 967
1174 968
1174 969
1174 970
1174 972
1174 974
1174 977
1174 979
1174 983
1174 987
1175 987
1175 981
1175 975
1175 970
1175 967
1175 965
1175 967
1175 970
1175 973
1175 976
1175 979
1175 980
1175 980
1175 980
1178 986
1178 978
1178 977
1178 976
1178 976
1178 978
1178 980
1178 982
1183 1004
1183 982
1183 981
1183 982
1183 981
1183 976
1183 973
1183 978
1183 979
1183 978
1183 977
1183 976
1183 975
1183 974
1183 972
1183 970
1183 965
1183 962
1183 960
1183 962
1183 965
1183 969
1183 971
1183 972
1183 973
1183 974
1183 975
1183 979
1183 985
1184 990
1184 990
1184 990
1184 990
1185 982
1185 978
1185 970
1185 984
1186 990
1189 987
1189 987
1189 987
1189 985
1189 979
1189 979
1189 980
1189 984
1192 990
1192 987
1192 986
1192 984
1192 981
1192 980
1192 980
1192 980
1192 982
1192 982
1192 981
1192 975
1192 972
1192 972
1192 974
1192 977
1192 982
1193 981
1193 980
1193 981
1193 984
1194 987
1194 988
1194 988
1198 992
1198 988
1198 985
1198 980
1198 982
1198 985
1198 985
1198 979
1198 974
1198 985
1199 987
1199 980
1199 972
1199 965
1199 955
1199 943
1199 932
1199 929
1199 930
1199 937
1199 942
1199 947
1199 948
1199 954
1199 962
1199 962
1199 962
1199 964
1199 968
1199 965
1199 963
1199 966
1199 968
1199 970
1199 968
1199 971
1199 972
1199 973
1199 973
1199 971
1199 970
1199 971
1199 970
1199 970
1199 971
1199 973
1199 976
1201 987
1201 985
1201 982
1201 975
1201 973
1201 971
1201 968
1201 970
1201 970
1201 970
1201 970
1201 970
1201 970
1201 972
1201 975
1201 980
1201 982
1201 984
1201 986
1201 992
1201 994
1201 991
1201 987
1201 985
1201 983
1201 981
1201 979
1201 978
1201 976
1201 974
1201 971
1201 970
1201 971
1201 985
1202 991
1202 992
1202 992
1202 992
1202 983
1202 981
1202 974
1202 973
1202 975
1202 976
1202 977
1202 972
1202 971
1202 971
1202 971
1202 971
1202 968
1202 967
1202 965
1202 967
1202 969
1202 971
1202 973
1202 978
1202 983
1202 982
1202 982
1202 982
1202 985
1202 987
1205 1002
1205 998
1205 992
1205 979
1205 971
1205 965
1205 958
1205 950
1205 948
1205 948
1205 948
1205 948
1205 948
1205 948
1205 948
1205 948
1205 945
1205 942
1205 940
1205 945
1205 943
1205 940
1205 939
1205 945
1205 944
1205 942
1205 939
1205 943
1205 940
1205 938
1205 936
1205 941
1205 938
1205 935
1205 939
1205 941
1205 944
1205 945
1205 949
1205 952
1205 955
1205 959
1205 963
1205 961
1205 966
1205 965
1205 963
1205 960
1206 988
1206 987
1206 986
1206 983
1206 985
1206 977
1206 974
1206 969
1206 962
1206 952
1206 951
1206 950
1206 950
1206 953
1206 965
1206 968
1206 963
1206 965
1206 966
1206 966
1206 969
1206 970
1206 976
1206 974
1206 974
1206 976
1206 978
1206 980
1206 982
1206 984
1206 987
1207 987
1207 987
1207 987
1207 987
1207 987
1207 987
1207 987
1207 987
1207 987
1207 987
1207 987
1208 973
1208 972
1208 970
1208 969
1208 968
1208 965
1208 953
1208 935
1208 919
1208 938
1208 950
1210 985
1210 972
1210 966
1210 958
1210 970
1210 983
1210 987
1210 990
1210 992
1210 980
1210 980
1210 979
1210 979
1210 980
1210 980
1210 981
1210 984
1210 985
1210 987
1210 991
1212 983
1212 982
1212 980
1212 980
1212 979
1212 977
1212 975
1212 972
1212 973
1212 973
1212 974
1212 974
1214 992
1214 988
1214 985
1214 983
1214 978
1214 970
1214 960
1214 965
1214 967
1214 969
1214 971
1214 968
1214 966
1214 968
1214 972
1214 977
1214 980
1214 982
1214 984
1214 975
1214 974
1214 993
1215 992
1215 994
1215 992
1215 990
1216 999
1216 989
1217 988
1217 986
1217 983
1217 980
1217 970
1217 960
1217 942
1217 933
1217 934
1217 935
1217 936
1217 936
1217 937
1217 938
1217 942
1217 948
1217 952
1217 951
1217 944
1217 952
1217 960
1217 956
1217 957
1217 961
1217 950
1217 948
1217 941
1217 939
1217 938
1217 934
1217 944
1217 950
1217 952
1217 953
1217 959
1217 958
1217 958
1217 960
1217 964
1217 961
1217 962
1217 972
1218 987
1218 987
1218 988
1218 988
1218 991
1218 991
1218 989
1218 984
1218 983
1218 978
1218 982
1218 982
1218 981
1218 978
1218 976
1218 976
1218 976
1218 977
1218 975
1218 973
1218 968
1218 961
1218 953
1218 956
1218 952
1218 946
1218 952
1218 954
1218 952
1218 954
1218 970
1220 987
1220 985
1220 990
1220 989
1220 989
1220 989
1220 990
1220 982
1220 975
1220 971
1220 970
1220 967
1220 962
1220 959
1220 946
1220 935
1220 942
1220 948
1220 948
1220 948
1220 955
1220 960
1220 960
1220 970
1220 980
1221 984
1221 980
1221 977
1221 974
1221 972
1221 968
1221 963
1221 960
1221 961
1221 965
1221 968
1221 973
1221 979
1221 982
1221 986
1224 987
1224 984
1224 982
1224 980
1224 975
1224 975
1224 975
1224 970
1224 960
1224 962
1224 964
1224 968
1224 960
1224 970
1224 980
1224 985
1224 986
1224 987
1224 987
1224 987
1224 987
1224 987
1224 987
1224 985
1224 981
1224 979
1224 979
1224 979
1224 979
1224 979
1224 977
1224 973
1224 970
1224 971
1224 975
1224 978
1224 979
1225 983
1225 989
1228 987
1228 987
1230 992
1230 990
1230 988
1230 984
1230 987
1230 984
1230 986
1231 999
1231 998
1231 997
1231 996
1231 990
1231 988
1231 986
1231 982
1231 980
1231 979
1231 978
1231 975
1231 970
1231 966
1231 961
1231 957
1231 952
1231 948
1231 946
1231 947
1231 951
1231 955
1231 960
1231 965
1231 970
1231 973
1231 977
1231 984
1231 988
1235 991
1235 989
1235 980
1235 970
1235 962
1235 960
1235 958
1235 955
1235 954
1235 960
1235 962
1235 962
1235 963
1235 962
1235 963
1235 963
1235 958
1235 964
1235 965
1235 962
1235 963
1235 965
1235 974
1235 983
1235 985
1235 990
1237 990
1237 982
1237 980
1237 975
1237 980
1237 985
1237 993
1237 994
1237 994
1237 994
1237 992
1237 992
1237 989
1237 986
1237 989
1237 990
1237 988
1237 987
1237 987
1237 988
1237 990
1237 987
1237 983
1237 980
1237 977
1237 975
1237 973
1237 972
1237 968
1237 965
1237 967
1237 970
1237 975
1237 975
1237 970
1237 960
1237 965
1237 965
1238 994
1238 988
1238 985
1238 987
1240 987
1240 984
1240 977
1240 973
1240 970
1240 970
1240 965
1240 954
1240 949
1240 939
1240 937
1240 939
1240 956
1240 963
1240 966
1240 966
1240 970
1240 970
1240 972
1240 964
1240 970
1240 980
1240 990
1240 996
1240 994
1240 992
1240 991
1240 990
1240 989
1240 987
1240 986
1240 982
1240 975
1240 974
1240 975
1240 974
1240 975
1240 969
1240 970
1240 962
1240 962
1240 961
1240 964
1240 965
1240 984
1242 987
1242 986
1242 985
1242 985
1242 985
1242 984
1242 984
1242 984
1242 983
1242 980
1242 975
1242 977
1242 982
1243 987
1243 983
1243 980
1243 975
1243 973
1243 972
1243 971
1243 970
1243 969
1243 971
1243 973
1243 975
1243 977
1243 979
1243 983
1243 983
1243 980
1243 980
1243 983
1243 983
1243 983
1243 983
1243 983
1243 980
1243 977
1243 977
1243 980
1243 985
1244 987
1244 984
1244 981
1244 979
1244 977
1244 973
1244 970
1244 970
1244 973
1244 983
1245 995
1245 997
1246 990
1246 985
1246 980
1246 965
1246 951
1246 945
1246 926
1246 923
1246 922
1246 914
1246 905
1246 910
1246 917
1246 922
1246 928
1246 933
1246 938
1246 948
1246 959
1246 970
1246 979
1246 987
1247 992
1247 992
1247 987
1247 984
1247 979
1247 980
1249 983
1249 980
1249 979
1249 975
1249 954
1249 950
1249 944
1249 946
1249 951
1249 963
1250 987
1250 987
1250 987
1250 987
1250 987
1250 987
1250 984
1250 978
1250 978
1250 970
1250 970
1250 961
1250 948
1250 942
1250 943
1250 944
1250 948
1250 961
1250 965
1250 970
1250 970
1250 978
1250 978
1250 984
1251 995
1251 995
1251 990
1251 993
1251 988
1251 988
1251 987
1251 982
1251 976
1251 973
1251 969
1251 969
1251 970
1251 971
1251 967
1251 964
1251 962
1251 965
1251 966
1251 971
1251 977
1251 983
1251 984
1253 989
1253 975
1253 971
1253 963
1253 962
1253 966
1253 967
1253 960
1253 955
1253 940
1253 931
1253 922
1253 921
1253 923
1253 924
1253 927
1253 930
1253 930
1253 933
1253 935
1253 943
1253 947
1253 950
1253 956
1253 967
1254 984
1254 979
1254 976
1254 973
1254 968
1254 962
1254 955
1254 948
1254 940
1254 933
1254 930
1254 933
1254 941
1254 940
1254 944
1254 942
1254 945
1254 950
1254 953
1254 954
1254 953
1254 950
1254 947
1254 946
1254 946
1254 946
1254 947
1254 947
1254 948
1254 949
1254 950
1254 952
1254 955
1254 958
1254 960
1254 961
1254 962
1254 963
1256 988
1256 987
1256 986
1256 986
1256 985
1256 982
1256 984
1256 984
1256 985
1256 984
1256 978
1256 976
1256 964
1256 960
1256 968
1256 968
1257 992
1257 987
1257 979
1257 980
1257 983
1257 990
1257 992
1257 987
1257 987
1259 988
1259 977
1259 971
1259 983
1259 982
1259 974
1259 971
1259 967
1259 959
1259 952
1259 946
1259 933
1259 940
1259 944
1259 953
1259 966
1259 975
1259 979
1259 986
1260 987
1260 985
1260 983
1260 981
1260 979
1260 978
1260 977
1260 978
1260 979
1260 982
1260 985
1260 987
1260 988
1260 987
1260 986
1260 984
1260 982
1260 979
1260 976
1260 973
1260 970
1260 960
1260 950
1260 954
1260 958
1260 966
1260 973
1260 980
1260 987
1260 987
1260 979
1260 976
1260 973
1260 970
1260 970
1260 971
1260 972
1260 973
1260 974
1260 976
1260 977
1260 978
1260 979
1260 981
1260 983
1260 985
1260 987
1263 1005
1263 1004
1263 1004
1263 995
1263 993
1263 994
1263 995
1263 995
1263 995
1265 998
1265 992
1265 987
1265 986
1265 986
1265 994
1265 988
1265 987
1265 985
1266 985
1266 981
1266 987
1266 985
1268 984
1268 973
1268 960
1268 960
1268 960
1268 960
1268 965
1268 965
1268 970
1268 970
1268 970
1268 973
1268 980
1268 980
1268 977
1268 973
1268 970
1268 965
1268 960
1268 955
1268 950
1268 943
1268 948
1268 950
1268 955
1268 965
1268 970
1268 975
1268 979
1268 985
1268 987
1269 985
1269 978
1269 976
1269 975
1269 975
1269 976
1269 977
1269 980
1269 984
1270 982
1270 977
1270 955
1270 941
1270 944
1270 950
1270 959
1270 974
1270 980
1270 987
1270 987
1270 983
1270 980
1272 988
1272 988
1272 986
1272 984
1272 979
1272 983
1272 986
1272 979
1272 965
1279 987
1279 982
1279 979
1279 968
1279 969
1279 969
1279 969
1279 970
1279 973
1279 976
1279 976
1279 976
1279 976
1279 979
1279 979
1279 979
1279 979
1279 982
1279 982
1279 982
1279 982
1279 987
1279 987
1279 984
1280 987
1280 979
1280 972
1280 966
1280 962
1280 962
1280 966
1280 970
1280 970
1280 970
1280 970
1280 975
1280 975
1280 976
1280 977
1280 979
1280 981
1280 983
1281 991
1281 991
1281 983
1281 983
1282 990
1282 986
1282 983
1282 989
1282 990
1282 991
1282 992
1282 992
1282 992
1282 990
1282 990
1282 980
1282 970
1282 977
1282 987
1282 991
1283 992
1283 993
1283 989
1283 989
1283 991
1283 988
1283 963
1283 950
1283 950
1283 948
1285 985
1285 985
1285 982
1287 979
1287 969
1287 957
1287 942
1287 937
1287 934
1287 938
1287 944
1287 947
1287 949
1287 953
1287 972
1287 974
1287 980
1288 986
1288 986
1289 979
1289 977
1289 975
1289 973
1289 974
1289 975
1289 975
1289 975
1289 977
1289 979
1289 987
1296 971
1296 964
1296 962
1296 960
1298 983
1298 979
1298 967
1298 966
1298 965
1298 964
1298 964
1298 955
1298 946
1298 947
1298 936
1298 934
1298 935
1298 950
1298 952
1300 987
1300 987
1300 984
1300 982
1300 981
1300 980
1300 982
1300 982
1300 984
1300 984
1300 987
1301 986
1301 984
1301 978
1301 970
1301 971
1301 971
1301 967
1301 962
1301 952
1301 941
1301 940
1301 957
1301 962
1304 988
1304 987
1304 982
1304 984
1305 1002
1305 1001
1305 1000
1305 1001
1306 988
1307 987
1307 984
1307 973
1307 960
1307 952
1307 952
1307 952
1307 948
1307 945
1307 949
1307 949
1307 944
1307 943
1307 945
1307 945
1307 946
1307 945
1307 945
1307 945
1307 944
1307 939
1307 944
1307 944
1307 941
1307 940
1307 946
1307 951
1307 950
1307 953
1307 956
1307 957
1307 958
1307 962
1307 965
1307 967
1307 972
1307 975
1307 977
1307 980
1310 987
1310 984
1310 976
1310 966
1310 952
1310 952
1310 948
1310 948
1310 948
1310 948
1310 952
1310 952
1310 948
1310 942
1310 935
1310 935
1310 925
1310 915
1310 920
1310 920
1310 920
1310 920
1310 925
1310 935
1310 935
1310 932
1310 935
1310 939
1310 935
1310 933
1310 937
1310 940
1310 946
1310 949
1310 952
1310 955
1310 959
1310 959
1310 957
1310 957
1310 957
1310 955
1310 953
1310 956
1310 956
1310 958
1310 969
1311 987
1311 987
1311 984
1311 981
1311 979
1311 969
1311 970
1311 970
1311 970
1311 970
1311 972
1311 982
1312 987
1312 987
1312 987
1312 987
1312 979
1312 979
1312 976
1312 976
1312 970
1312 970
1312 962
1312 962
1312 962
1312 956
1312 952
1312 962
1312 968
1312 973
1312 975
1312 977
1312 977
1312 979
1312 983
1312 987
1318 983
1318 974
1318 972
1318 974
1318 973
1318 973
1318 965
1318 957
1318 957
1318 962
1318 970
1318 978
1318 984
1320 993
1320 992
1320 988
1320 984
1320 980
1320 976
1320 966
1320 969
1320 947
1320 970
1320 993
1320 988
1321 987
1321 981
1321 978
1321 975
1321 970
1321 970
1321 970
1321 964
1321 965
1321 970
1321 970
1321 974
1321 981
1321 985
1323 987
1323 984
1323 980
1323 970
1323 962
1323 962
1323 962
1323 958
1323 948
1323 948
1323 948
1323 948
1323 948
1323 954
1323 958
1323 956
1323 948
1323 946
1323 950
1323 949
1323 942
1323 941
1323 939
1323 937
1323 941
1323 939
1323 937
1323 939
1323 948
1323 948
1323 954
1323 958
1323 960
1323 960
1323 960
1323 962
1323 962
1323 958
1323 960
1323 969
1324 986
1326 987
1326 977
1326 955
1326 948
1326 950
1326 955
1326 969
1326 964
1326 965
1326 963
1326 956
1326 950
1326 946
1326 955
1326 950
1326 938
1326 925
1326 919
1326 921
1326 923
1326 930
1326 934
1326 940
1326 926
1326 923
1326 925
1326 920
1326 910
1326 915
1326 919
1326 920
1326 916
1326 920
1326 915
1326 912
1326 914
1326 924
1326 930
1326 931
1326 928
1326 935
1326 939
1326 937
1326 931
1326 943
1326 965
1327 984
1327 988
1327 984
1327 982
1327 972
1327 972
1327 972
1327 972
1327 968
1327 968
1327 967
1327 966
1327 966
1327 966
1327 966
1327 966
1327 969
1327 969
1327 968
1327 964
1327 960
1327 957
1327 952
1327 951
1327 953
1327 965
1328 984
1328 975
1328 970
1328 965
1328 965
1328 960
1328 955
1328 951
1328 951
1328 948
1328 951
1328 951
1328 943
1328 938
1328 943
1328 948
1328 955
1328 962
1328 967
1328 970
1328 965
1328 951
1328 953
1328 955
1328 957
1328 959
1328 961
1328 962
1329 987
1329 987
1335 992
1336 982
1336 972
1336 967
1336 957
1336 951
1336 953
1336 938
1336 941
1336 960
1336 973
1336 967
1336 962
1336 942
1336 935
1336 930
1336 942
1337 999
1337 991
1337 980
1337 971
1337 959
1337 952
1337 964
1337 969
1337 958
1337 953
1337 944
1337 937
1337 929
1337 940
1337 946
1337 948
1337 951
1337 955
1337 975
1337 984
1337 981
1337 980
1337 977
1337 959
1337 948
1337 944
1337 944
1337 975
1341 989
1341 985
1341 985
1341 980
1341 980
1341 978
1341 975
1341 970
1341 978
1341 983
1341 987
1341 987
1343 983
1343 987
1343 979
1343 968
1343 959
1343 950
1343 942
1343 948
1343 941
1343 930
1343 909
1343 902
1343 905
1343 913
1343 923
1343 948
1345 987
1345 987
1345 980
1345 980
1345 977
1345 975
1345 970
1345 962
1345 970
1345 975
1345 980
1345 987
1345 983
1345 980
1345 980
1345 982
1345 985
1345 985
1345 985
1346 987
1346 985
1346 984
1346 982
1346 982
1346 982
1346 979
1346 985
1346 986
1347 990
1347 983
1347 976
1347 977
1347 977
1347 978
1347 978
1347 978
1347 985
1347 980
1347 980
1347 979
1347 979
1347 982
1347 984
1347 986
1348 987
1348 987
1348 987
1348 987
1348 985
1348 987
1349 985
1349 975
1349 967
1349 955
1349 941
1349 920
1349 897
1349 897
1349 908
1349 913
1349 915
1349 924
1349 927
1349 930
1349 931
1349 935
1349 949
1350 987
1350 977
1353 988
1354 979
1354 975
1354 946
1354 892
1354 882
1354 892
1354 892
1354 901
1354 910
1354 917
1354 924
1354 930
1354 929
1354 926
1354 930
1354 935
1354 947
1354 958
1354 960
1354 962
1354 961
1354 963
1354 958
1354 953
1354 950
1354 955
1354 955
1354 963
1354 970
1354 976
1356 985
1356 982
1356 980
1356 970
1356 962
1356 970
1359 987
1359 987
1359 987
1359 987
1359 987
1359 987
1359 987
1359 984
1359 985
1359 985
1359 981
1359 981
1359 985
1359 986
1359 986
1359 987
1359 987
1359 987
1359 987
1359 987
1366 992
1367 980
1367 978
1367 976
1367 975
1367 977
1367 974
1367 974
1367 975
1367 976
1367 976
1367 977
1368 987
1368 984
1368 980
1368 965
1368 955
1368 956
1368 956
1368 958
1368 960
1368 965
1368 973
1368 976
1368 980
1368 983
1368 987
1368 987
1368 987
1368 987
1368 983
1368 983
1368 981
1368 979
1368 976
1368 972
1368 972
1368 970
1368 977
1368 979
1368 980
1368 980
1368 983
1368 983
1369 987
1369 986
1369 983
1369 979
1369 976
1369 970
1369 962
1369 955
1369 958
1369 962
1369 962
1369 960
1369 958
1369 956
1369 958
1369 958
1369 959
1369 960
1369 962
1369 964
1369 968
1369 970
1369 970
1369 970
1369 970
1369 968
1369 964
1369 962
1369 962
1369 963
1369 964
1369 964
1369 964
1370 992
1370 989
1370 987
1370 985
1370 986
1370 987
1370 988
1370 989
1374 984
1374 972
1374 972
1374 976
1374 975
1374 967
1374 961
1374 944
1374 929
1374 923
1374 930
1374 920
1374 921
1374 923
1374 930
1374 926
1374 926
1374 926
1374 924
1374 914
1374 907
1374 935
1374 960
1374 979
1374 979
1374 976
1374 974
1376 992
1376 985
1376 980
1376 962
1376 935
1376 930
1376 937
1376 951
1376 950
1376 939
1376 934
1376 962
1378 985
1378 989
1381 988
1381 990
1382 990
1382 993
1384 981
1384 981
1384 981
1384 980
1401 987
1401 975
1401 960
1401 955
1401 955
1401 970
1401 980
1401 985
1401 987
1401 987
1401 974
1401 970
1401 970
1401 977
1401 980
1401 980
1401 980
1401 980
1401 976
1401 976
1401 976
1401 976
1401 983
1401 984
1401 985
1401 989
1401 989
1401 989
1401 989
1401 989
1404 982
1404 982
1404 963
1404 967
1404 976
1407 986
1407 981
1407 992
1407 984
1407 975
1407 968
1407 955
1407 943
1407 950
1407 960
1407 961
1407 960
1407 953
1407 954
1407 954
1407 961
1410 985
1410 977
1410 980
1413 979
1413 956
1413 935
1413 937
1413 940
1413 944
1413 949
1413 954
1413 959
1413 962
1413 964
1413 965
1413 950
1413 947
1413 947
1413 947
1413 946
1413 945
1413 950
1413 960
1413 964
1413 965
1413 965
1413 965
1413 966
1413 968
1413 964
1413 959
1413 958
1413 944
1413 945
1413 946
1413 952
1413 954
1413 954
1413 954
1413 954
1413 952
1413 950
1413 959
1416 996
1416 995
1416 995
1416 992
1416 989
1416 984
1416 985
1419 983
1419 985
1419 984
1419 977
1419 970
1419 958
1419 975
1419 985
1419 986
1419 984
1419 982
1419 985
1422 987
1422 985
1422 979
1422 975
1422 964
1422 951
1422 944
1422 951
1422 970
1450 987
1450 977
1450 970
1450 967
1450 965
1450 963
1450 962
1450 955
1450 954
1450 949
1450 947
1450 945
1450 949
1450 952
1450 948
1450 943
1450 951
1450 954
1450 956
1450 957
1450 960
1450 961
1450 961
1450 961
1450 962
1450 965
1450 970
1450 973
1455 983
1455 970
1455 958
1455 960
1455 965
1455 970
1455 974
1455 975
1455 975
1455 980
1455 987
1460 987
1460 985
1460 987
1460 984
1460 983
1460 975
1460 979
1460 988
1460 990
