0.000000000000000000e+00
5.000000000000000000e-01
2.500000000000000000e-01
2.500000000000000000e-01
5.000000000000000000e-01
5.000000000000000000e-01
5.000000000000000000e-01
2.500000000000000000e-01
2.500000000000000000e-01
1.000000000000000000e+00
2.500000000000000000e-01
2.500000000000000000e-01
5.000000000000000000e-01
2.500000000000000000e-01
5.000000000000000000e-01
5.000000000000000000e-01
2.500000000000000000e-01
2.500000000000000000e-01
2.500000000000000000e-01
2.500000000000000000e-01
2.500000000000000000e-01
5.000000000000000000e-01
2.500000000000000000e-01
5.000000000000000000e-01
5.000000000000000000e-01
7.500000000000000000e-01
2.500000000000000000e-01
2.500000000000000000e-01
1.250000000000000000e-01
3.750000000000000000e-01
1.000000000000000000e+00
2.500000000000000000e-01
5.000000000000000000e-01
2.500000000000000000e-01
2.500000000000000000e-01
2.500000000000000000e-01
0.000000000000000000e+00
2.500000000000000000e-01
2.500000000000000000e-01
2.500000000000000000e-01
5.000000000000000000e-01
3.125000000000000000e-01
2.500000000000000000e-01
5.000000000000000000e-01
2.500000000000000000e-01
4.000000000000000222e-01
2.500000000000000000e-01
2.500000000000000000e-01
2.500000000000000000e-01
3.333333333333333148e-01
3.750000000000000000e-01
2.500000000000000000e-01
0.000000000000000000e+00
1.125000000000000000e+00
1.250000000000000000e+00
2.500000000000000000e+00
1.166666666666666741e+00
2.500000000000000000e-01
2.500000000000000000e-01
1.875000000000000000e-01
2.500000000000000000e-01
2.500000000000000000e-01
3.499999999999999778e-01
4.000000000000000222e-01
1.250000000000000000e+00
2.500000000000000000e-01
3.750000000000000000e-01
3.750000000000000000e-01
1.250000000000000000e-01
2.500000000000000000e-01
3.750000000000000000e-01
2.500000000000000000e-01
3.125000000000000000e-01
5.625000000000000000e-01
4.166666666666666852e-01
1.250000000000000000e-01
1.250000000000000000e-01
3.750000000000000000e-01
5.833333333333333703e-01
8.499999999999999778e-01
3.928571428571428492e-01
5.625000000000000000e-01
5.000000000000000000e-01
3.333333333333333148e-01
3.750000000000000000e+00
0.000000000000000000e+00
7.500000000000000000e-01
3.250000000000000111e-01
5.000000000000000000e-01
5.833333333333333703e-01
8.750000000000000000e-01
6.250000000000000000e-01
7.500000000000000000e-01
2.500000000000000000e-01
1.250000000000000000e-01
5.999999999999999778e-01
2.500000000000000000e-01
3.125000000000000000e-01
1.500000000000000000e+00
2.083333333333333426e-01
0.000000000000000000e+00
5.000000000000000000e-01
1.666666666666666574e-01
4.166666666666666852e-01
0.000000000000000000e+00
2.500000000000000000e-01
1.125000000000000000e+00
1.666666666666666574e-01
7.500000000000000000e-01
2.500000000000000000e-01
1.666666666666666574e-01
3.750000000000000000e-01
2.000000000000000111e-01
2.500000000000000000e-01
2.500000000000000000e-01
7.500000000000000000e-01
2.500000000000000000e-01
1.250000000000000000e-01
5.000000000000000000e-01
7.500000000000000000e-01
1.250000000000000000e-01
1.083333333333333259e+00
3.000000000000000000e+00
7.500000000000000000e-01
1.500000000000000000e+00
5.000000000000000000e-01
5.000000000000000000e-01
5.000000000000000000e-01
4.166666666666666852e-01
2.500000000000000000e-01
2.500000000000000000e-01
2.500000000000000000e-01
1.250000000000000000e-01
2.000000000000000000e+00
2.000000000000000000e+00
1.250000000000000000e+00
9.000000000000000000e+00
2.500000000000000000e-01
5.000000000000000000e-01
3.750000000000000000e-01
4.375000000000000000e-01
1.500000000000000000e+00
1.500000000000000000e+00
2.500000000000000000e-01
2.875000000000000000e+00
7.500000000000000000e-01
2.500000000000000000e-01
0.000000000000000000e+00
6.250000000000000000e-01
5.000000000000000000e+00
8.250000000000000000e+00
2.916666666666666519e+00
1.375000000000000000e+01
7.500000000000000000e+00
2.250000000000000000e+00
3.000000000000000000e+00
2.000000000000000000e+00
2.000000000000000000e+00
5.500000000000000000e+00
1.350000000000000000e+01
2.000000000000000000e+00
2.125000000000000000e+00
9.500000000000000000e+00
1.750000000000000000e+00
3.250000000000000000e+00
7.500000000000000000e-01
3.375000000000000000e+00
5.000000000000000000e+00
3.000000000000000000e+00
5.000000000000000000e+00
2.500000000000000000e+00
3.375000000000000000e+00
1.600000000000000000e+01
0.000000000000000000e+00
3.250000000000000000e+00
2.750000000000000000e+00
2.500000000000000000e+00
7.250000000000000000e+00
6.625000000000000000e+00
4.250000000000000000e+00
1.050000000000000000e+01
3.250000000000000000e+00
1.500000000000000000e+00
5.500000000000000000e+00
2.500000000000000000e-01
4.125000000000000000e+00
4.000000000000000000e+00
5.000000000000000000e+00
2.750000000000000000e+00
1.500000000000000000e+00
2.750000000000000000e+00
1.100000000000000000e+01
2.000000000000000000e+00
4.375000000000000000e+00
1.812500000000000000e+00
5.000000000000000000e+00
7.750000000000000000e+00
2.750000000000000000e+00
2.500000000000000000e+00
2.000000000000000000e+00
1.500000000000000000e+00
7.500000000000000000e-01
2.750000000000000000e+00
3.500000000000000000e+00
5.750000000000000000e+00
6.000000000000000000e+00
3.500000000000000000e+00
3.250000000000000000e+00
5.000000000000000000e-01
4.750000000000000000e+00
8.500000000000000000e+00
5.000000000000000000e-01
3.500000000000000000e+00
2.500000000000000000e-01
3.750000000000000000e+00
1.000000000000000000e+00
5.000000000000000000e-01
1.500000000000000000e+00
1.000000000000000000e+00
3.750000000000000000e+00
3.000000000000000000e+00
2.000000000000000000e+00
2.250000000000000000e+00
2.000000000000000000e+00
2.500000000000000000e-01
1.750000000000000000e+00
3.750000000000000000e-01
3.750000000000000000e-01
1.000000000000000000e+00
3.500000000000000000e+00
1.500000000000000000e+00
1.000000000000000000e+01
5.000000000000000000e-01
1.250000000000000000e+00
8.000000000000000000e+00
3.875000000000000000e+00
2.750000000000000000e+00
1.500000000000000000e+00
1.750000000000000000e+00
6.500000000000000000e+00
1.250000000000000000e+00
5.000000000000000000e-01
2.500000000000000000e+00
2.250000000000000000e+00
7.500000000000000000e-01
7.500000000000000000e-01
