371 1900
371 1900
371 1900
371 1900
371 1900
371 1900
371 1900
371 1900
371 1900
371 1900
371 1900
371 1900
371 1900
371 1900
372 1900
372 1900
372 1900
372 1900
372 1900
372 1900
372 1900
372 1900
372 1900
372 1900
372 1900
372 1900
372 1900
372 1900
372 1900
372 1900
372 1900
372 1900
372 1900
372 1900
372 1900
373 1900
373 1900
373 1900
373 1900
373 1900
373 1900
373 1900
373 1900
373 1900
373 1900
373 1900
373 1900
373 1900
373 1900
373 1900
373 1900
373 1900
373 1900
373 1900
373 1900
373 1900
373 1900
373 1900
373 1900
373 1900
373 1900
373 1900
373 1900
373 1900
373 1900
373 1900
373 1900
373 1900
373 1900
373 1900
373 1900
373 1900
373 1900
373 1900
373 1900
373 1900
373 1900
380 1901
380 1901
380 1901
380 1901
380 1901
380 1901
381 1901
381 1901
381 1901
381 1901
381 1901
381 1901
381 1901
381 1901
381 1901
381 1901
381 1901
381 1901
381 1901
381 1901
383 1901
383 1901
383 1901
383 1901
383 1901
383 1901
383 1901
383 1901
383 1901
383 1901
383 1901
383 1901
383 1901
383 1901
383 1901
383 1901
383 1901
383 1901
383 1901
383 1901
383 1901
383 1901
383 1901
383 1901
383 1901
383 1901
383 1901
383 1901
383 1901
383 1901
383 1901
383 1901
383 1901
383 1901
383 1901
383 1901
383 1901
383 1901
384 1901
384 1901
384 1901
384 1901
384 1901
384 1901
389 1901
389 1901
389 1901
389 1901
389 1901
389 1901
391 1902
391 1902
391 1902
392 1902
392 1902
392 1902
392 1902
392 1902
392 1902
392 1902
392 1902
392 1902
392 1902
393 1902
393 1902
393 1902
393 1902
393 1902
393 1902
393 1902
393 1902
393 1902
393 1902
393 1902
393 1902
393 1902
393 1902
393 1902
395 1903
395 1903
395 1903
395 1903
395 1903
395 1903
396 1903
396 1903
396 1903
396 1903
396 1903
396 1903
396 1903
396 1903
396 1903
396 1903
396 1903
396 1903
396 1903
396 1903
396 1903
396 1903
396 1903
396 1903
396 1903
396 1903
396 1903
396 1903
396 1903
396 1903
396 1903
396 1903
396 1903
396 1903
396 1903
396 1903
396 1903
396 1903
396 1903
396 1903
396 1903
396 1903
397 1903
397 1903
397 1903
397 1903
397 1903
397 1903
397 1903
397 1903
397 1903
397 1903
397 1903
398 1903
398 1903
398 1903
398 1903
398 1903
398 1903
398 1903
398 1903
400 1903
400 1903
400 1903
400 1903
400 1903
400 1903
400 1903
400 1903
400 1903
401 1903
401 1903
401 1903
401 1903
401 1903
401 1903
401 1903
401 1903
401 1903
401 1903
401 1903
401 1903
401 1903
401 1903
401 1903
401 1903
401 1903
401 1903
401 1903
401 1903
401 1903
401 1903
401 1903
401 1903
401 1903
401 1903
401 1903
401 1903
401 1903
404 1903
404 1903
404 1903
404 1903
404 1903
404 1903
404 1903
404 1903
404 1903
404 1903
404 1903
404 1903
404 1903
404 1903
404 1903
404 1903
404 1903
404 1903
404 1903
404 1903
404 1903
404 1903
405 1904
405 1904
406 1904
406 1904
406 1904
406 1904
406 1904
406 1904
406 1904
406 1904
406 1904
407 1904
407 1904
407 1904
407 1904
407 1904
413 1905
413 1905
413 1905
413 1905
413 1905
413 1905
413 1905
413 1905
413 1905
413 1905
413 1905
413 1905
413 1905
416 1906
416 1906
416 1906
416 1906
416 1906
416 1906
416 1906
416 1906
416 1906
416 1906
416 1906
416 1906
416 1906
416 1906
416 1906
416 1906
416 1906
418 1906
418 1906
418 1906
418 1906
418 1906
418 1906
418 1906
418 1906
418 1906
418 1906
418 1906
418 1906
418 1906
418 1906
418 1906
418 1906
418 1906
418 1906
418 1906
418 1906
418 1906
418 1906
418 1906
418 1906
418 1906
418 1906
418 1906
418 1906
418 1906
418 1906
418 1906
418 1906
418 1906
418 1906
418 1906
418 1906
418 1906
418 1906
418 1906
418 1906
418 1906
418 1906
418 1906
418 1906
418 1906
418 1906
418 1906
418 1906
418 1906
418 1906
418 1906
418 1906
418 1906
418 1906
418 1906
418 1906
419 1906
419 1906
419 1906
419 1906
419 1906
419 1906
419 1906
419 1906
419 1906
419 1906
419 1906
419 1906
419 1906
419 1906
419 1906
419 1906
419 1906
419 1906
419 1906
419 1906
419 1906
419 1906
420 1906
420 1906
420 1906
420 1906
420 1906
420 1906
420 1906
420 1906
420 1906
420 1906
420 1906
420 1906
420 1906
420 1906
420 1906
420 1906
422 1906
422 1906
422 1906
422 1906
422 1906
422 1906
422 1906
422 1906
422 1906
422 1906
422 1906
422 1906
422 1906
422 1906
422 1906
422 1906
422 1906
422 1906
422 1906
422 1906
422 1906
422 1906
422 1906
422 1906
422 1906
422 1906
422 1906
422 1906
422 1906
422 1906
422 1906
422 1906
422 1906
425 1906
425 1906
431 1908
431 1908
431 1908
431 1908
431 1908
431 1908
431 1908
431 1908
431 1908
432 1908
432 1908
432 1908
432 1908
432 1908
432 1908
432 1908
432 1908
433 1908
433 1908
433 1908
433 1908
433 1908
433 1908
433 1908
436 1908
436 1908
436 1908
436 1908
436 1908
436 1908
436 1908
436 1908
436 1908
436 1908
436 1908
436 1908
436 1908
436 1908
436 1908
436 1908
436 1908
436 1908
436 1908
436 1908
436 1908
436 1908
436 1908
436 1908
436 1908
436 1908
436 1908
436 1908
436 1908
436 1908
438 1908
438 1908
438 1908
438 1908
438 1908
438 1908
438 1908
438 1908
438 1908
438 1908
438 1908
438 1908
438 1908
438 1908
438 1908
438 1908
438 1908
438 1908
438 1908
438 1908
438 1908
438 1908
438 1908
438 1908
438 1908
438 1908
438 1908
438 1908
438 1908
438 1908
438 1908
438 1908
438 1908
438 1908
438 1908
438 1908
438 1908
438 1908
438 1908
438 1908
438 1908
438 1908
438 1908
438 1908
439 1908
439 1908
439 1908
439 1908
439 1908
439 1908
439 1908
439 1908
442 1909
442 1909
442 1909
442 1909
444 1909
444 1909
444 1909
444 1909
444 1909
444 1909
444 1909
444 1909
444 1909
444 1909
444 1909
444 1909
444 1909
444 1909
446 1909
446 1909
446 1909
446 1909
446 1909
446 1909
446 1909
446 1909
446 1909
446 1909
446 1909
446 1909
446 1909
446 1909
446 1909
446 1909
446 1909
446 1909
446 1909
446 1909
446 1909
446 1909
446 1909
446 1909
446 1909
446 1909
446 1909
446 1909
446 1909
446 1909
448 1909
448 1909
448 1909
448 1909
448 1909
448 1909
448 1909
448 1909
448 1909
448 1909
448 1909
448 1909
448 1909
448 1909
448 1909
448 1909
448 1909
448 1909
448 1909
448 1909
450 1909
450 1909
450 1909
450 1909
450 1909
450 1909
450 1909
450 1909
450 1909
450 1909
450 1909
450 1909
450 1909
450 1909
450 1909
450 1909
450 1909
451 1909
451 1909
451 1909
451 1909
451 1909
451 1909
451 1909
451 1909
451 1909
451 1909
451 1909
454 1910
454 1910
454 1910
454 1910
454 1910
454 1910
454 1910
454 1910
454 1910
454 1910
454 1910
454 1910
454 1910
454 1910
454 1910
454 1910
454 1910
454 1910
454 1910
454 1910
454 1910
454 1910
454 1910
454 1910
454 1910
454 1910
454 1910
454 1910
454 1910
454 1910
454 1910
454 1910
454 1910
454 1910
454 1910
454 1910
454 1910
454 1910
454 1910
455 1910
455 1910
455 1910
455 1910
455 1910
455 1910
455 1910
455 1910
455 1910
455 1910
456 1910
456 1910
456 1910
456 1910
456 1910
456 1910
456 1910
456 1910
456 1910
456 1910
456 1910
456 1910
456 1910
456 1910
456 1910
456 1910
456 1910
456 1910
456 1910
456 1910
456 1910
456 1910
456 1910
456 1910
456 1910
458 1911
458 1911
458 1911
458 1911
459 1911
459 1911
459 1911
459 1911
459 1911
459 1911
459 1911
459 1911
459 1911
459 1911
459 1911
459 1911
459 1911
459 1911
459 1911
460 1911
460 1911
460 1911
460 1911
460 1911
460 1911
460 1911
460 1911
460 1911
466 1912
466 1912
466 1912
466 1912
466 1912
466 1912
466 1912
466 1912
466 1912
467 1912
467 1912
467 1912
467 1912
467 1912
467 1912
467 1912
467 1912
467 1912
467 1912
467 1912
468 1912
468 1912
468 1912
468 1912
468 1912
468 1912
468 1912
468 1912
468 1912
468 1912
469 1912
469 1912
469 1912
469 1912
469 1912
469 1912
469 1912
469 1912
469 1912
469 1912
469 1912
469 1912
469 1912
469 1912
469 1912
469 1912
469 1912
469 1912
469 1912
469 1912
469 1912
469 1912
469 1912
469 1912
469 1912
470 1913
470 1913
470 1913
470 1913
473 1913
473 1913
473 1913
473 1913
473 1913
473 1913
473 1913
473 1913
474 1913
474 1913
475 1913
475 1913
477 1915
477 1915
478 1915
478 1915
478 1915
478 1915
478 1915
478 1915
478 1915
478 1915
478 1915
478 1915
478 1915
478 1915
478 1915
478 1915
478 1915
478 1915
478 1915
478 1915
478 1915
478 1915
478 1915
478 1915
478 1915
478 1915
478 1915
478 1915
478 1915
478 1915
478 1915
478 1915
478 1915
478 1915
478 1915
478 1915
478 1915
479 1915
479 1915
479 1915
479 1915
479 1915
479 1915
479 1915
479 1915
479 1915
479 1915
479 1915
479 1915
479 1915
479 1915
479 1915
479 1915
479 1915
479 1915
479 1915
479 1915
479 1915
479 1915
479 1915
479 1915
479 1915
479 1915
479 1915
479 1915
479 1915
479 1915
479 1915
479 1915
479 1915
479 1915
479 1915
479 1915
479 1915
479 1915
479 1915
479 1915
479 1915
479 1915
479 1915
479 1915
479 1915
479 1915
480 1915
480 1915
480 1915
480 1915
480 1915
480 1915
480 1915
480 1915
480 1915
480 1915
482 1915
482 1915
482 1915
482 1915
482 1915
482 1915
482 1915
482 1915
482 1915
482 1915
482 1915
482 1915
482 1915
482 1915
482 1915
482 1915
482 1915
482 1915
482 1915
482 1915
482 1915
482 1915
482 1915
482 1915
482 1915
482 1915
482 1915
482 1915
482 1915
484 1916
484 1916
484 1916
484 1916
484 1916
484 1916
484 1916
484 1916
484 1916
484 1916
485 1916
485 1916
485 1916
485 1916
485 1916
485 1916
485 1916
485 1916
485 1916
485 1916
485 1916
485 1916
485 1916
485 1916
485 1916
485 1916
485 1916
485 1916
485 1916
485 1916
485 1916
485 1916
485 1916
485 1916
485 1916
485 1916
486 1916
486 1916
486 1916
486 1916
486 1916
486 1916
486 1916
486 1916
488 1916
488 1916
488 1916
488 1916
488 1916
488 1916
488 1916
488 1916
488 1916
488 1916
488 1916
488 1916
488 1916
488 1916
488 1916
488 1916
488 1916
489 1916
489 1916
489 1916
489 1916
489 1916
489 1916
490 1916
490 1916
490 1916
490 1916
490 1916
490 1916
490 1916
490 1916
490 1916
490 1916
490 1916
492 1916
492 1916
492 1916
492 1916
492 1916
492 1916
492 1916
492 1916
492 1916
492 1916
492 1916
493 1916
493 1916
493 1916
493 1916
493 1916
493 1916
493 1916
493 1916
493 1916
493 1916
493 1916
493 1916
493 1916
493 1916
493 1916
493 1916
493 1916
493 1916
493 1916
493 1916
493 1916
495 1916
495 1916
495 1916
495 1916
495 1916
495 1916
495 1916
495 1916
495 1916
495 1916
495 1916
495 1916
495 1916
495 1916
495 1916
495 1916
495 1916
495 1916
495 1916
495 1916
496 1916
496 1916
496 1916
496 1916
496 1916
496 1916
496 1916
496 1916
496 1916
496 1916
496 1916
496 1916
496 1916
496 1916
496 1916
496 1916
496 1916
500 1917
500 1917
500 1917
500 1917
500 1917
500 1917
500 1917
500 1917
500 1917
500 1917
500 1917
500 1917
500 1917
500 1917
500 1917
500 1917
500 1917
500 1917
500 1917
500 1917
500 1917
500 1917
500 1917
501 1917
501 1917
501 1917
501 1917
501 1917
501 1917
501 1917
501 1917
501 1917
501 1917
501 1917
501 1917
501 1917
501 1917
501 1917
501 1917
501 1917
501 1917
501 1917
501 1917
501 1917
501 1917
501 1917
501 1917
501 1917
501 1917
501 1917
501 1917
501 1917
501 1917
501 1917
502 1918
502 1918
502 1918
502 1918
502 1918
502 1918
503 1918
503 1918
503 1918
503 1918
503 1918
503 1918
503 1918
503 1918
504 1918
506 1918
506 1918
506 1918
506 1918
506 1918
506 1918
506 1918
506 1918
506 1918
506 1918
506 1918
506 1918
506 1918
506 1918
506 1918
509 1919
509 1919
509 1919
509 1919
509 1919
509 1919
509 1919
509 1919
509 1919
509 1919
509 1919
509 1919
509 1919
509 1919
509 1919
509 1919
509 1919
509 1919
509 1919
509 1919
509 1919
509 1919
509 1919
509 1919
509 1919
509 1919
509 1919
509 1919
509 1919
509 1919
509 1919
509 1919
510 1919
510 1919
510 1919
510 1919
510 1919
513 1920
513 1920
513 1920
513 1920
513 1920
513 1920
513 1920
513 1920
513 1920
513 1920
513 1920
513 1920
513 1920
513 1920
513 1920
513 1920
513 1920
513 1920
513 1920
513 1920
513 1920
514 1920
514 1920
514 1920
514 1920
515 1920
515 1920
515 1920
517 1920
517 1920
517 1920
518 1921
518 1921
518 1921
518 1921
518 1921
518 1921
518 1921
518 1921
518 1921
518 1921
518 1921
518 1921
518 1921
518 1921
519 1921
519 1921
519 1921
520 1921
520 1921
520 1921
520 1921
520 1921
520 1921
520 1921
520 1921
520 1921
520 1921
520 1921
520 1921
520 1921
520 1921
520 1921
520 1921
520 1921
520 1921
520 1921
520 1921
520 1921
520 1921
520 1921
520 1921
520 1921
520 1921
520 1921
520 1921
520 1921
520 1921
520 1921
520 1921
520 1921
520 1921
523 1921
523 1921
523 1921
523 1921
523 1921
523 1921
523 1921
523 1921
523 1921
523 1921
523 1921
523 1921
523 1921
523 1921
523 1921
523 1921
523 1921
523 1921
523 1921
523 1921
523 1921
523 1921
523 1921
523 1921
523 1921
523 1921
525 1922
525 1922
525 1922
525 1922
525 1922
525 1922
525 1922
525 1922
525 1922
525 1922
525 1922
525 1922
525 1922
525 1922
525 1922
525 1922
525 1922
525 1922
525 1922
525 1922
525 1922
525 1922
525 1922
525 1922
525 1922
525 1922
525 1922
525 1922
525 1922
527 1922
527 1922
527 1922
527 1922
527 1922
527 1922
527 1922
527 1922
527 1922
527 1922
527 1922
527 1922
527 1922
527 1922
527 1922
527 1922
527 1922
527 1922
528 1923
528 1923
528 1923
528 1923
528 1923
528 1923
528 1923
528 1923
528 1923
528 1923
528 1923
528 1923
528 1923
528 1923
528 1923
528 1923
528 1923
528 1923
528 1923
528 1923
529 1923
529 1923
529 1923
529 1923
529 1923
529 1923
529 1923
529 1923
529 1923
529 1923
529 1923
529 1923
529 1923
529 1923
529 1923
529 1923
529 1923
529 1923
529 1923
529 1923
529 1923
529 1923
529 1923
529 1923
529 1923
529 1923
530 1923
530 1923
530 1923
530 1923
530 1923
530 1923
530 1923
536 1924
536 1924
536 1924
536 1924
536 1924
536 1924
536 1924
536 1924
536 1924
536 1924
536 1924
536 1924
536 1924
536 1924
536 1924
536 1924
536 1924
536 1924
536 1924
536 1924
536 1924
536 1924
536 1924
536 1924
537 1924
537 1924
537 1924
537 1924
537 1924
537 1924
537 1924
537 1924
537 1924
537 1924
537 1924
537 1924
537 1924
537 1924
537 1924
537 1924
537 1924
537 1924
537 1924
537 1924
537 1924
537 1924
537 1924
537 1924
537 1924
537 1924
537 1924
537 1924
538 1924
538 1924
538 1924
538 1924
538 1924
538 1924
538 1924
538 1924
538 1924
541 1924
541 1924
541 1924
541 1924
541 1924
541 1924
541 1924
541 1924
541 1924
541 1924
541 1924
541 1924
541 1924
542 1924
542 1924
542 1924
542 1924
542 1924
542 1924
542 1924
542 1924
542 1924
542 1924
542 1924
542 1924
542 1924
542 1924
542 1924
542 1924
542 1924
542 1924
544 1925
544 1925
544 1925
544 1925
544 1925
544 1925
545 1926
545 1926
545 1926
545 1926
545 1926
545 1926
545 1926
545 1926
545 1926
545 1926
545 1926
545 1926
545 1926
545 1926
545 1926
545 1926
545 1926
545 1926
545 1926
546 1926
546 1926
546 1926
546 1926
546 1926
546 1926
546 1926
546 1926
546 1926
546 1926
546 1926
546 1926
546 1926
546 1926
546 1926
546 1926
546 1926
546 1926
546 1926
546 1926
546 1926
546 1926
547 1926
547 1926
547 1926
547 1926
547 1926
547 1926
547 1926
547 1926
547 1926
547 1926
547 1926
547 1926
547 1926
547 1926
547 1926
548 1926
548 1926
548 1926
548 1926
548 1926
548 1926
548 1926
548 1926
548 1926
548 1926
548 1926
548 1926
548 1926
548 1926
548 1926
548 1926
548 1926
548 1926
548 1926
548 1926
548 1926
548 1926
548 1926
548 1926
548 1926
548 1926
548 1926
548 1926
548 1926
548 1926
548 1926
548 1926
548 1926
548 1926
548 1926
548 1926
548 1926
548 1926
548 1926
548 1926
548 1926
548 1926
548 1926
548 1926
548 1926
548 1926
548 1926
548 1926
548 1926
548 1926
548 1926
548 1926
548 1926
548 1926
548 1926
548 1926
548 1926
548 1926
548 1926
548 1926
548 1926
548 1926
548 1926
548 1926
548 1926
548 1926
549 1926
549 1926
549 1926
549 1926
549 1926
549 1926
549 1926
549 1926
549 1926
549 1926
549 1926
549 1926
549 1926
549 1926
549 1926
550 1926
550 1926
550 1926
550 1926
550 1926
550 1926
550 1926
550 1926
550 1926
550 1926
550 1926
550 1926
550 1926
550 1926
550 1926
550 1926
550 1926
550 1926
550 1926
550 1926
550 1926
550 1926
550 1926
550 1926
550 1926
550 1926
550 1926
550 1926
550 1926
550 1926
550 1926
550 1926
550 1926
550 1926
550 1926
552 1926
552 1926
552 1926
552 1926
552 1926
552 1926
552 1926
552 1926
552 1926
552 1926
552 1926
552 1926
552 1926
552 1926
552 1926
552 1926
552 1926
552 1926
552 1926
552 1926
552 1926
552 1926
552 1926
552 1926
552 1926
552 1926
552 1926
552 1926
554 1926
554 1926
554 1926
554 1926
554 1926
554 1926
554 1926
554 1926
554 1926
554 1926
554 1926
554 1926
554 1926
554 1926
554 1926
554 1926
554 1926
554 1926
554 1926
554 1926
556 1927
556 1927
556 1927
556 1927
556 1927
556 1927
556 1927
556 1927
556 1927
556 1927
556 1927
556 1927
556 1927
556 1927
556 1927
556 1927
556 1927
556 1927
557 1927
557 1927
557 1927
557 1927
557 1927
557 1927
557 1927
557 1927
557 1927
557 1927
557 1927
557 1927
557 1927
558 1927
558 1927
558 1927
559 1927
559 1927
559 1927
559 1927
559 1927
559 1927
559 1927
559 1927
559 1927
559 1927
559 1927
559 1927
559 1927
559 1927
559 1927
559 1927
559 1927
559 1927
559 1927
563 1928
563 1928
563 1928
563 1928
563 1928
563 1928
563 1928
563 1928
563 1928
564 1928
564 1928
564 1928
564 1928
564 1928
564 1928
564 1928
566 1928
566 1928
566 1928
566 1928
566 1928
566 1928
566 1928
566 1928
566 1928
566 1928
566 1928
566 1928
566 1928
566 1928
566 1928
566 1928
566 1928
566 1928
566 1928
566 1928
566 1928
566 1928
566 1928
566 1928
566 1928
566 1928
566 1928
566 1928
566 1928
566 1928
566 1928
568 1928
568 1928
569 1929
569 1929
569 1929
569 1929
570 1929
570 1929
570 1929
570 1929
570 1929
570 1929
570 1929
570 1929
570 1929
570 1929
570 1929
570 1929
570 1929
570 1929
570 1929
570 1929
570 1929
570 1929
570 1929
570 1929
570 1929
570 1929
570 1929
570 1929
570 1929
570 1929
570 1929
570 1929
570 1929
571 1929
571 1929
571 1929
571 1929
571 1929
571 1929
571 1929
571 1929
571 1929
571 1929
571 1929
571 1929
571 1929
571 1929
571 1929
571 1929
571 1929
571 1929
571 1929
572 1930
572 1930
572 1930
572 1930
572 1930
572 1930
572 1930
572 1930
572 1930
573 1930
573 1930
573 1930
573 1930
573 1930
573 1930
573 1930
573 1930
573 1930
573 1930
573 1930
573 1930
573 1930
573 1930
573 1930
573 1930
573 1930
573 1930
573 1930
573 1930
573 1930
573 1930
573 1930
573 1930
573 1930
573 1930
573 1930
573 1930
573 1930
578 1931
578 1931
578 1931
579 1931
579 1931
579 1931
579 1931
579 1931
579 1931
579 1931
579 1931
579 1931
584 1932
584 1932
584 1932
584 1932
584 1932
585 1932
585 1932
585 1932
585 1932
585 1932
585 1932
586 1932
586 1932
586 1932
586 1932
586 1932
586 1932
586 1932
586 1932
586 1932
586 1932
586 1932
586 1932
586 1932
586 1932
586 1932
586 1932
586 1932
586 1932
586 1932
586 1932
586 1932
586 1932
586 1932
586 1932
586 1932
586 1932
586 1932
586 1932
589 1932
589 1932
589 1932
589 1932
589 1932
589 1932
589 1932
589 1932
589 1932
589 1932
589 1932
592 1932
592 1932
592 1932
592 1932
592 1932
592 1932
592 1932
592 1932
592 1932
592 1932
592 1932
592 1932
592 1932
592 1932
592 1932
592 1932
592 1932
592 1932
592 1932
592 1932
592 1932
592 1932
592 1932
592 1932
592 1932
592 1932
592 1932
592 1932
592 1932
592 1932
592 1932
592 1932
592 1932
592 1932
592 1932
592 1932
592 1932
592 1932
592 1932
592 1932
592 1932
592 1932
592 1932
592 1932
592 1932
592 1932
592 1932
592 1932
593 1932
593 1932
593 1932
593 1932
593 1932
593 1932
593 1932
593 1932
593 1932
593 1932
595 1933
595 1933
595 1933
595 1933
595 1933
595 1933
595 1933
595 1933
595 1933
595 1933
595 1933
595 1933
595 1933
595 1933
595 1933
595 1933
595 1933
595 1933
595 1933
595 1933
595 1933
595 1933
595 1933
595 1933
595 1933
595 1933
595 1933
595 1933
595 1933
598 1933
598 1933
598 1933
598 1933
598 1933
598 1933
598 1933
598 1933
598 1933
598 1933
598 1933
598 1933
598 1933
598 1933
598 1933
598 1933
598 1933
598 1933
598 1933
598 1933
598 1933
601 1933
601 1933
601 1933
601 1933
601 1933
601 1933
601 1933
601 1933
601 1933
601 1933
601 1933
601 1933
601 1933
601 1933
601 1933
601 1933
601 1933
601 1933
601 1933
601 1933
601 1933
601 1933
601 1933
604 1933
604 1933
604 1933
604 1933
604 1933
604 1933
604 1933
604 1933
604 1933
604 1933
604 1933
604 1933
604 1933
604 1933
604 1933
604 1933
604 1933
604 1933
604 1933
604 1933
604 1933
604 1933
604 1933
605 1933
605 1933
605 1933
605 1933
605 1933
605 1933
605 1933
605 1933
605 1933
605 1933
605 1933
605 1933
605 1933
605 1933
605 1933
605 1933
606 1933
606 1933
606 1933
606 1933
606 1933
606 1933
606 1933
606 1933
606 1933
606 1933
606 1933
606 1933
606 1933
606 1933
606 1933
606 1933
606 1933
606 1933
606 1933
606 1933
606 1933
606 1933
606 1933
606 1933
606 1933
606 1933
606 1933
606 1933
606 1933
606 1933
606 1933
607 1933
607 1933
607 1933
607 1933
607 1933
607 1933
607 1933
607 1933
608 1933
608 1933
608 1933
608 1933
608 1933
608 1933
608 1933
608 1933
608 1933
608 1933
608 1933
608 1933
608 1933
608 1933
608 1933
608 1933
608 1933
608 1933
608 1933
608 1933
611 1933
611 1933
611 1933
611 1933
611 1933
611 1933
611 1933
611 1933
611 1933
611 1933
611 1933
611 1933
611 1933
611 1933
611 1933
611 1933
611 1933
611 1933
611 1933
611 1933
612 1933
612 1933
612 1933
612 1933
612 1933
612 1933
612 1933
612 1933
612 1933
612 1933
616 1934
616 1934
616 1934
616 1934
616 1934
616 1934
616 1934
616 1934
616 1934
616 1934
616 1934
616 1934
616 1934
617 1934
617 1934
619 1934
619 1934
619 1934
619 1934
619 1934
620 1934
620 1934
620 1934
620 1934
620 1934
620 1934
620 1934
620 1934
620 1934
620 1934
620 1934
622 1934
622 1934
622 1934
622 1934
622 1934
622 1934
622 1934
625 1934
625 1934
625 1934
625 1934
625 1934
625 1934
625 1934
625 1934
625 1934
626 1935
626 1935
626 1935
626 1935
626 1935
626 1935
626 1935
626 1935
626 1935
626 1935
626 1935
626 1935
626 1935
626 1935
626 1935
626 1935
626 1935
626 1935
626 1935
626 1935
626 1935
626 1935
626 1935
626 1935
626 1935
626 1935
626 1935
627 1935
627 1935
627 1935
627 1935
627 1935
627 1935
627 1935
627 1935
627 1935
627 1935
627 1935
627 1935
627 1935
627 1935
627 1935
627 1935
627 1935
629 1935
629 1935
629 1935
629 1935
629 1935
629 1935
629 1935
629 1935
629 1935
629 1935
629 1935
629 1935
629 1935
629 1935
629 1935
629 1935
629 1935
629 1935
629 1935
629 1935
629 1935
629 1935
629 1935
629 1935
629 1935
629 1935
629 1935
629 1935
630 1935
630 1935
630 1935
630 1935
630 1935
630 1935
630 1935
630 1935
630 1935
630 1935
630 1935
630 1935
630 1935
630 1935
630 1935
630 1935
630 1935
631 1935
631 1935
631 1935
631 1935
631 1935
631 1935
631 1935
631 1935
631 1935
631 1935
631 1935
631 1935
631 1935
631 1935
631 1935
631 1935
631 1935
631 1935
634 1936
634 1936
634 1936
636 1936
636 1936
636 1936
636 1936
636 1936
636 1936
639 1936
639 1936
639 1936
639 1936
639 1936
639 1936
639 1936
639 1936
639 1936
639 1936
639 1936
639 1936
639 1936
641 1936
641 1936
641 1936
641 1936
641 1936
642 1936
642 1936
642 1936
642 1936
642 1936
642 1936
642 1936
642 1936
642 1936
642 1936
642 1936
642 1936
642 1936
642 1936
642 1936
642 1936
642 1936
642 1936
642 1936
642 1936
642 1936
642 1936
642 1936
642 1936
642 1936
642 1936
642 1936
642 1936
642 1936
642 1936
642 1936
642 1936
642 1936
642 1936
642 1936
644 1936
644 1936
644 1936
644 1936
644 1936
644 1936
644 1936
644 1936
644 1936
644 1936
644 1936
644 1936
644 1936
644 1936
644 1936
644 1936
644 1936
644 1936
644 1936
644 1936
644 1936
644 1936
644 1936
644 1936
644 1936
644 1936
644 1936
644 1936
644 1936
644 1936
644 1936
644 1936
644 1936
644 1936
644 1936
644 1936
644 1936
644 1936
644 1936
644 1936
644 1936
644 1936
646 1936
646 1936
646 1936
646 1936
646 1936
646 1936
646 1936
646 1936
646 1936
646 1936
646 1936
646 1936
646 1936
646 1936
646 1936
646 1936
646 1936
646 1936
651 1937
651 1937
651 1937
651 1937
651 1937
651 1937
651 1937
651 1937
651 1937
651 1937
651 1937
651 1937
651 1937
651 1937
651 1937
651 1937
651 1937
651 1937
651 1937
652 1937
652 1937
652 1937
652 1937
652 1937
652 1937
652 1937
652 1937
652 1937
652 1937
652 1937
652 1937
652 1937
652 1937
652 1937
652 1937
652 1937
652 1937
652 1937
652 1937
654 1937
654 1937
654 1937
654 1937
654 1937
654 1937
654 1937
654 1937
654 1937
654 1937
654 1937
654 1937
654 1937
654 1937
654 1937
654 1937
654 1937
654 1937
654 1937
654 1937
654 1937
658 1938
658 1938
658 1938
658 1938
658 1938
658 1938
658 1938
658 1938
658 1938
658 1938
658 1938
658 1938
658 1938
658 1938
659 1938
659 1938
659 1938
659 1938
659 1938
659 1938
659 1938
659 1938
659 1938
659 1938
659 1938
659 1938
659 1938
659 1938
659 1938
659 1938
659 1938
659 1938
660 1938
660 1938
660 1938
660 1938
660 1938
660 1938
660 1938
660 1938
660 1938
660 1938
660 1938
660 1938
660 1938
660 1938
660 1938
660 1938
660 1938
660 1938
660 1938
660 1938
660 1938
660 1938
660 1938
660 1938
660 1938
660 1938
660 1938
660 1938
666 1939
666 1939
666 1939
666 1939
668 1939
668 1939
668 1939
668 1939
668 1939
668 1939
668 1939
668 1939
668 1939
668 1939
668 1939
668 1939
668 1939
669 1939
669 1939
669 1939
669 1939
669 1939
671 1940
671 1940
671 1940
671 1940
671 1940
671 1940
671 1940
671 1940
671 1940
671 1940
672 1940
672 1940
672 1940
672 1940
672 1940
672 1940
672 1940
672 1940
672 1940
672 1940
672 1940
672 1940
672 1940
672 1940
672 1940
673 1940
673 1940
673 1940
673 1940
673 1940
673 1940
673 1940
673 1940
673 1940
673 1940
673 1940
673 1940
673 1940
674 1940
674 1940
674 1940
674 1940
674 1940
674 1940
674 1940
674 1940
674 1940
674 1940
674 1940
674 1940
674 1940
674 1940
674 1940
674 1940
674 1940
674 1940
679 1941
679 1941
679 1941
679 1941
679 1941
679 1941
679 1941
679 1941
679 1941
679 1941
679 1941
679 1941
679 1941
679 1941
679 1941
679 1941
679 1941
679 1941
679 1941
679 1941
679 1941
679 1941
680 1941
680 1941
680 1941
680 1941
680 1941
680 1941
680 1941
680 1941
680 1941
680 1941
680 1941
680 1941
680 1941
680 1941
680 1941
680 1941
681 1941
681 1941
681 1941
681 1941
681 1941
681 1941
681 1941
681 1941
681 1941
681 1941
681 1941
681 1941
681 1941
682 1941
682 1941
682 1941
682 1941
682 1941
682 1941
682 1941
682 1941
682 1941
682 1941
682 1941
682 1941
684 1942
684 1942
684 1942
684 1942
684 1942
684 1942
684 1942
684 1942
684 1942
685 1942
685 1942
685 1942
685 1942
685 1942
685 1942
685 1942
685 1942
685 1942
685 1942
685 1942
685 1942
685 1942
685 1942
685 1942
685 1942
685 1942
685 1942
685 1942
685 1942
685 1942
685 1942
686 1942
686 1942
686 1942
686 1942
686 1942
686 1942
686 1942
686 1942
686 1942
686 1942
686 1942
686 1942
686 1942
686 1942
686 1942
686 1942
686 1942
686 1942
693 1942
693 1942
693 1942
693 1942
693 1942
693 1942
693 1942
693 1942
694 1943
694 1943
694 1943
694 1943
694 1943
694 1943
694 1943
694 1943
696 1943
696 1943
696 1943
696 1943
696 1943
696 1943
696 1943
696 1943
696 1943
696 1943
696 1943
696 1943
696 1943
696 1943
696 1943
696 1943
696 1943
696 1943
696 1943
696 1943
696 1943
696 1943
696 1943
696 1943
696 1943
696 1943
697 1943
697 1943
697 1943
697 1943
697 1943
697 1943
697 1943
697 1943
697 1943
697 1943
697 1943
697 1943
697 1943
697 1943
697 1943
697 1943
697 1943
697 1943
697 1943
697 1943
697 1943
697 1943
697 1943
697 1943
697 1943
697 1943
697 1943
697 1943
697 1943
697 1943
697 1943
697 1943
699 1943
699 1943
699 1943
699 1943
699 1943
699 1943
699 1943
699 1943
699 1943
699 1943
699 1943
699 1943
702 1943
702 1943
702 1943
702 1943
702 1943
702 1943
702 1943
702 1943
702 1943
702 1943
702 1943
702 1943
702 1943
702 1943
702 1943
702 1943
702 1943
702 1943
704 1944
704 1944
704 1944
704 1944
704 1944
704 1944
704 1944
704 1944
704 1944
704 1944
706 1944
706 1944
706 1944
706 1944
706 1944
706 1944
707 1944
707 1944
707 1944
707 1944
707 1944
707 1944
707 1944
707 1944
707 1944
707 1944
707 1944
707 1944
707 1944
707 1944
707 1944
707 1944
707 1944
707 1944
707 1944
710 1944
710 1944
710 1944
710 1944
710 1944
710 1944
710 1944
710 1944
710 1944
710 1944
710 1944
710 1944
710 1944
710 1944
710 1944
710 1944
710 1944
710 1944
710 1944
710 1944
710 1944
710 1944
710 1944
710 1944
710 1944
711 1944
711 1944
711 1944
711 1944
711 1944
711 1944
711 1944
711 1944
711 1944
711 1944
712 1944
712 1944
712 1944
712 1944
712 1944
712 1944
712 1944
712 1944
712 1944
712 1944
712 1944
712 1944
714 1944
714 1944
714 1944
714 1944
714 1944
714 1944
714 1944
714 1944
714 1944
714 1944
714 1944
714 1944
714 1944
714 1944
714 1944
714 1944
714 1944
714 1944
714 1944
714 1944
714 1944
714 1944
714 1944
714 1944
714 1944
714 1944
714 1944
715 1945
715 1945
715 1945
715 1945
715 1945
715 1945
719 1945
719 1945
719 1945
719 1945
719 1945
719 1945
719 1945
719 1945
719 1945
719 1945
719 1945
719 1945
719 1945
719 1945
719 1945
723 1945
723 1945
723 1945
723 1945
723 1945
723 1945
723 1945
723 1945
723 1945
723 1945
723 1945
723 1945
723 1945
723 1945
723 1945
723 1945
723 1945
723 1945
723 1945
723 1945
724 1945
724 1945
724 1945
724 1945
724 1945
724 1945
725 1945
725 1945
725 1945
725 1945
725 1945
725 1945
725 1945
725 1945
727 1946
727 1946
727 1946
727 1946
727 1946
727 1946
729 1946
729 1946
729 1946
729 1946
729 1946
729 1946
729 1946
729 1946
729 1946
729 1946
730 1946
730 1946
730 1946
730 1946
730 1946
730 1946
730 1946
733 1947
733 1947
733 1947
733 1947
733 1947
733 1947
733 1947
733 1947
734 1947
734 1947
734 1947
734 1947
734 1947
734 1947
734 1947
734 1947
734 1947
734 1947
735 1947
735 1947
735 1947
735 1947
735 1947
735 1947
735 1947
735 1947
735 1947
735 1947
735 1947
735 1947
735 1947
735 1947
735 1947
735 1947
735 1947
735 1947
735 1947
735 1947
735 1947
735 1947
735 1947
735 1947
735 1947
735 1947
735 1947
735 1947
735 1947
735 1947
735 1947
735 1947
735 1947
735 1947
735 1947
735 1947
735 1947
735 1947
735 1947
735 1947
735 1947
735 1947
735 1947
735 1947
735 1947
735 1947
735 1947
735 1947
735 1947
735 1947
735 1947
735 1947
735 1947
735 1947
735 1947
735 1947
735 1947
735 1947
735 1947
735 1947
739 1947
739 1947
739 1947
739 1947
739 1947
739 1947
739 1947
739 1947
739 1947
739 1947
739 1947
739 1947
739 1947
739 1947
739 1947
739 1947
739 1947
740 1947
740 1947
740 1947
740 1947
740 1947
740 1947
740 1947
740 1947
740 1947
740 1947
740 1947
740 1947
740 1947
740 1947
740 1947
740 1947
740 1947
743 1948
743 1948
743 1948
743 1948
743 1948
743 1948
743 1948
743 1948
743 1948
743 1948
743 1948
743 1948
743 1948
743 1948
743 1948
743 1948
743 1948
743 1948
743 1948
743 1948
743 1948
743 1948
745 1948
745 1948
745 1948
745 1948
746 1948
746 1948
746 1948
746 1948
746 1948
746 1948
746 1948
746 1948
746 1948
746 1948
746 1948
746 1948
746 1948
746 1948
746 1948
746 1948
746 1948
746 1948
746 1948
746 1948
746 1948
746 1948
746 1948
746 1948
746 1948
746 1948
746 1948
746 1948
746 1948
746 1948
746 1948
746 1948
746 1948
746 1948
746 1948
746 1948
746 1948
746 1948
746 1948
746 1948
746 1948
746 1948
746 1948
747 1948
747 1948
747 1948
747 1948
747 1948
747 1948
747 1948
747 1948
747 1948
747 1948
747 1948
747 1948
747 1948
747 1948
747 1948
747 1948
747 1948
747 1948
747 1948
747 1948
747 1948
747 1948
748 1948
748 1948
748 1948
748 1948
748 1948
748 1948
748 1948
748 1948
748 1948
748 1948
748 1948
748 1948
748 1948
748 1948
748 1948
748 1948
748 1948
748 1948
748 1948
749 1948
749 1948
749 1948
749 1948
749 1948
750 1949
750 1949
750 1949
750 1949
750 1949
750 1949
750 1949
750 1949
750 1949
750 1949
750 1949
750 1949
750 1949
750 1949
750 1949
750 1949
750 1949
750 1949
751 1949
751 1949
751 1949
751 1949
751 1949
751 1949
751 1949
751 1949
751 1949
753 1949
753 1949
753 1949
753 1949
753 1949
753 1949
753 1949
753 1949
753 1949
753 1949
753 1949
753 1949
753 1949
753 1949
753 1949
753 1949
753 1949
753 1949
753 1949
753 1949
753 1949
753 1949
753 1949
753 1949
753 1949
753 1949
757 1949
757 1949
757 1949
757 1949
757 1949
757 1949
757 1949
757 1949
757 1949
757 1949
758 1949
758 1949
758 1949
758 1949
758 1949
759 1949
759 1949
759 1949
759 1949
759 1949
759 1949
759 1949
760 1949
760 1949
760 1949
760 1949
760 1949
760 1949
760 1949
760 1949
760 1949
760 1949
760 1949
763 1950
763 1950
763 1950
763 1950
763 1950
763 1950
763 1950
763 1950
763 1950
763 1950
763 1950
763 1950
763 1950
763 1950
763 1950
763 1950
763 1950
763 1950
763 1950
763 1950
763 1950
763 1950
763 1950
763 1950
763 1950
763 1950
763 1950
763 1950
763 1950
763 1950
763 1950
763 1950
764 1950
764 1950
764 1950
764 1950
764 1950
764 1950
764 1950
764 1950
764 1950
764 1950
764 1950
764 1950
764 1950
764 1950
764 1950
764 1950
764 1950
764 1950
764 1950
764 1950
765 1950
765 1950
765 1950
765 1950
765 1950
765 1950
765 1950
765 1950
765 1950
765 1950
765 1950
765 1950
765 1950
765 1950
765 1950
765 1950
765 1950
765 1950
765 1950
765 1950
765 1950
765 1950
765 1950
765 1950
765 1950
765 1950
765 1950
765 1950
765 1950
765 1950
765 1950
765 1950
766 1950
766 1950
766 1950
766 1950
766 1950
766 1950
766 1950
766 1950
766 1950
766 1950
766 1950
766 1950
766 1950
766 1950
766 1950
766 1950
766 1950
766 1950
766 1950
766 1950
766 1950
766 1950
766 1950
766 1950
766 1950
766 1950
766 1950
766 1950
766 1950
766 1950
766 1950
766 1950
766 1950
766 1950
766 1950
766 1950
766 1950
766 1950
766 1950
766 1950
766 1950
766 1950
766 1950
766 1950
766 1950
766 1950
766 1950
766 1950
766 1950
767 1950
767 1950
767 1950
767 1950
767 1950
767 1950
767 1950
767 1950
767 1950
767 1950
767 1950
767 1950
767 1950
767 1950
767 1950
767 1950
768 1950
768 1950
768 1950
768 1950
768 1950
768 1950
768 1950
768 1950
768 1950
768 1950
768 1950
768 1950
768 1950
768 1950
768 1950
768 1950
768 1950
768 1950
768 1950
768 1950
768 1950
768 1950
768 1950
768 1950
768 1950
768 1950
769 1950
769 1950
769 1950
769 1950
769 1950
769 1950
769 1950
769 1950
769 1950
769 1950
769 1950
769 1950
769 1950
769 1950
769 1950
769 1950
769 1950
771 1950
771 1950
771 1950
771 1950
771 1950
771 1950
772 1950
772 1950
772 1950
772 1950
772 1950
772 1950
772 1950
772 1950
772 1950
772 1950
772 1950
772 1950
772 1950
772 1950
772 1950
772 1950
773 1950
773 1950
773 1950
773 1950
773 1950
773 1950
773 1950
773 1950
773 1950
773 1950
773 1950
773 1950
775 1950
775 1950
775 1950
775 1950
775 1950
775 1950
775 1950
775 1950
775 1950
775 1950
775 1950
775 1950
776 1951
776 1951
776 1951
776 1951
776 1951
776 1951
776 1951
776 1951
776 1951
776 1951
776 1951
776 1951
776 1951
776 1951
776 1951
776 1951
776 1951
776 1951
776 1951
776 1951
776 1951
776 1951
776 1951
778 1951
778 1951
778 1951
778 1951
778 1951
778 1951
778 1951
778 1951
778 1951
778 1951
778 1951
778 1951
778 1951
778 1951
778 1951
778 1951
778 1951
778 1951
778 1951
778 1951
778 1951
778 1951
778 1951
778 1951
778 1951
778 1951
778 1951
778 1951
778 1951
779 1951
779 1951
779 1951
779 1951
779 1951
779 1951
779 1951
779 1951
779 1951
779 1951
780 1951
780 1951
780 1951
780 1951
780 1951
780 1951
780 1951
780 1951
780 1951
780 1951
780 1951
780 1951
780 1951
780 1951
780 1951
780 1951
780 1951
780 1951
780 1951
780 1951
780 1951
780 1951
780 1951
780 1951
780 1951
780 1951
780 1951
780 1951
780 1951
780 1951
780 1951
780 1951
780 1951
780 1951
780 1951
780 1951
781 1951
781 1951
781 1951
781 1951
781 1951
781 1951
781 1951
781 1951
781 1951
781 1951
781 1951
781 1951
781 1951
781 1951
781 1951
781 1951
781 1951
781 1951
781 1951
781 1951
781 1951
781 1951
783 1951
783 1951
783 1951
783 1951
783 1951
783 1951
783 1951
783 1951
783 1951
783 1951
783 1951
783 1951
783 1951
783 1951
783 1951
783 1951
784 1951
784 1951
784 1951
784 1951
784 1951
785 1951
785 1951
785 1951
785 1951
787 1952
787 1952
787 1952
787 1952
787 1952
787 1952
787 1952
787 1952
787 1952
787 1952
787 1952
787 1952
787 1952
787 1952
787 1952
787 1952
788 1952
788 1952
788 1952
788 1952
788 1952
788 1952
788 1952
788 1952
788 1952
788 1952
788 1952
788 1952
788 1952
788 1952
788 1952
788 1952
788 1952
788 1952
788 1952
788 1952
788 1952
788 1952
788 1952
788 1952
788 1952
788 1952
788 1952
788 1952
788 1952
788 1952
789 1952
789 1952
789 1952
789 1952
789 1952
789 1952
789 1952
789 1952
789 1952
789 1952
789 1952
789 1952
789 1952
789 1952
789 1952
789 1952
789 1952
789 1952
790 1952
790 1952
790 1952
791 1952
791 1952
791 1952
791 1952
792 1952
792 1952
792 1952
792 1952
792 1952
792 1952
792 1952
792 1952
792 1952
792 1952
792 1952
792 1952
792 1952
792 1952
792 1952
792 1952
792 1952
792 1952
792 1952
792 1952
794 1953
794 1953
794 1953
794 1953
794 1953
794 1953
794 1953
794 1953
794 1953
794 1953
794 1953
794 1953
794 1953
796 1953
796 1953
796 1953
796 1953
796 1953
796 1953
796 1953
796 1953
796 1953
796 1953
796 1953
796 1953
796 1953
796 1953
796 1953
796 1953
796 1953
796 1953
796 1953
796 1953
796 1953
796 1953
796 1953
797 1953
797 1953
797 1953
797 1953
797 1953
797 1953
797 1953
797 1953
797 1953
797 1953
798 1953
798 1953
798 1953
798 1953
798 1953
798 1953
798 1953
798 1953
798 1953
798 1953
798 1953
798 1953
798 1953
798 1953
800 1953
800 1953
800 1953
800 1953
800 1953
800 1953
800 1953
800 1953
800 1953
801 1953
801 1953
801 1953
807 1954
807 1954
807 1954
809 1954
809 1954
809 1954
809 1954
809 1954
809 1954
809 1954
809 1954
809 1954
809 1954
809 1954
809 1954
809 1954
809 1954
809 1954
809 1954
809 1954
809 1954
809 1954
810 1954
810 1954
810 1954
810 1954
810 1954
810 1954
810 1954
811 1954
811 1954
811 1954
811 1954
811 1954
811 1954
811 1954
811 1954
811 1954
811 1954
811 1954
811 1954
811 1954
811 1954
811 1954
811 1954
811 1954
811 1954
811 1954
811 1954
812 1954
812 1954
814 1954
814 1954
814 1954
814 1954
814 1954
814 1954
814 1954
814 1954
814 1954
814 1954
814 1954
814 1954
814 1954
814 1954
814 1954
814 1954
814 1954
814 1954
814 1954
815 1954
815 1954
815 1954
815 1954
815 1954
815 1954
815 1954
815 1954
815 1954
815 1954
815 1954
815 1954
815 1954
815 1954
815 1954
815 1954
815 1954
815 1954
815 1954
815 1954
815 1954
815 1954
815 1954
815 1954
815 1954
815 1954
815 1954
815 1954
815 1954
815 1954
815 1954
815 1954
815 1954
815 1954
815 1954
815 1954
815 1954
815 1954
815 1954
815 1954
817 1954
817 1954
817 1954
817 1954
817 1954
817 1954
817 1954
817 1954
817 1954
817 1954
817 1954
817 1954
817 1954
817 1954
817 1954
817 1954
819 1955
819 1955
819 1955
819 1955
819 1955
819 1955
819 1955
819 1955
819 1955
819 1955
819 1955
819 1955
819 1955
819 1955
819 1955
819 1955
819 1955
819 1955
819 1955
819 1955
819 1955
819 1955
819 1955
819 1955
819 1955
819 1955
819 1955
819 1955
819 1955
819 1955
819 1955
820 1955
820 1955
820 1955
820 1955
820 1955
820 1955
820 1955
820 1955
820 1955
820 1955
820 1955
820 1955
820 1955
820 1955
820 1955
820 1955
820 1955
820 1955
820 1955
820 1955
820 1955
820 1955
821 1955
821 1955
821 1955
821 1955
821 1955
821 1955
821 1955
821 1955
821 1955
821 1955
821 1955
821 1955
821 1955
821 1955
821 1955
821 1955
821 1955
821 1955
821 1955
821 1955
821 1955
821 1955
821 1955
821 1955
821 1955
821 1955
823 1955
823 1955
823 1955
823 1955
823 1955
823 1955
823 1955
823 1955
823 1955
823 1955
823 1955
823 1955
823 1955
823 1955
823 1955
823 1955
823 1955
823 1955
823 1955
823 1955
823 1955
823 1955
824 1955
824 1955
825 1955
825 1955
825 1955
825 1955
825 1955
825 1955
825 1955
825 1955
825 1955
825 1955
825 1955
825 1955
825 1955
825 1955
825 1955
825 1955
825 1955
825 1955
825 1955
825 1955
825 1955
825 1955
825 1955
825 1955
825 1955
825 1955
826 1955
826 1955
826 1955
826 1955
826 1955
826 1955
826 1955
826 1955
826 1955
826 1955
826 1955
826 1955
826 1955
826 1955
826 1955
826 1955
826 1955
826 1955
826 1955
826 1955
826 1955
826 1955
826 1955
827 1955
827 1955
827 1955
827 1955
827 1955
827 1955
827 1955
827 1955
827 1955
827 1955
827 1955
827 1955
827 1955
827 1955
827 1955
827 1955
827 1955
827 1955
827 1955
827 1955
827 1955
827 1955
827 1955
827 1955
827 1955
827 1955
827 1955
827 1955
827 1955
827 1955
829 1955
829 1955
829 1955
829 1955
829 1955
831 1956
831 1956
832 1956
832 1956
832 1956
832 1956
832 1956
832 1956
832 1956
832 1956
832 1956
832 1956
832 1956
832 1956
832 1956
832 1956
832 1956
832 1956
832 1956
832 1956
832 1956
832 1956
832 1956
832 1956
832 1956
832 1956
832 1956
832 1956
832 1956
832 1956
832 1956
832 1956
832 1956
832 1956
836 1956
836 1956
836 1956
836 1956
836 1956
836 1956
837 1956
837 1956
837 1956
837 1956
837 1956
837 1956
837 1956
837 1956
837 1956
837 1956
837 1956
839 1957
839 1957
839 1957
839 1957
839 1957
839 1957
839 1957
839 1957
839 1957
841 1957
841 1957
841 1957
841 1957
841 1957
841 1957
841 1957
841 1957
841 1957
841 1957
841 1957
841 1957
841 1957
841 1957
841 1957
841 1957
841 1957
841 1957
841 1957
841 1957
841 1957
841 1957
841 1957
841 1957
841 1957
841 1957
841 1957
841 1957
841 1957
841 1957
841 1957
841 1957
841 1957
841 1957
841 1957
841 1957
841 1957
841 1957
841 1957
841 1957
841 1957
841 1957
841 1957
841 1957
841 1957
841 1957
841 1957
841 1957
841 1957
841 1957
841 1957
841 1957
841 1957
841 1957
841 1957
841 1957
841 1957
841 1957
841 1957
841 1957
841 1957
841 1957
841 1957
841 1957
841 1957
841 1957
841 1957
841 1957
841 1957
841 1957
841 1957
844 1957
844 1957
844 1957
844 1957
848 1958
848 1958
848 1958
848 1958
848 1958
848 1958
848 1958
848 1958
848 1958
848 1958
848 1958
848 1958
848 1958
848 1958
848 1958
848 1958
848 1958
848 1958
848 1958
848 1958
848 1958
848 1958
848 1958
848 1958
848 1958
848 1958
848 1958
848 1958
848 1958
849 1958
849 1958
849 1958
849 1958
849 1958
849 1958
849 1958
849 1958
849 1958
849 1958
849 1958
849 1958
849 1958
849 1958
849 1958
849 1958
849 1958
849 1958
850 1958
850 1958
850 1958
850 1958
850 1958
850 1958
850 1958
850 1958
851 1958
851 1958
851 1958
851 1958
851 1958
851 1958
851 1958
853 1958
853 1958
853 1958
853 1958
853 1958
853 1958
853 1958
853 1958
853 1958
853 1958
853 1958
853 1958
853 1958
853 1958
853 1958
853 1958
853 1958
853 1958
853 1958
853 1958
853 1958
854 1958
854 1958
854 1958
854 1958
854 1958
854 1958
854 1958
854 1958
854 1958
854 1958
854 1958
854 1958
854 1958
854 1958
854 1958
854 1958
854 1958
854 1958
855 1958
855 1958
855 1958
855 1958
855 1958
855 1958
855 1958
855 1958
855 1958
855 1958
855 1958
855 1958
855 1958
855 1958
855 1958
855 1958
855 1958
855 1958
855 1958
855 1958
858 1959
859 1959
859 1959
859 1959
860 1959
860 1959
860 1959
860 1959
860 1959
862 1959
862 1959
862 1959
862 1959
863 1959
863 1959
863 1959
863 1959
863 1959
863 1959
863 1959
863 1959
863 1959
863 1959
863 1959
863 1959
863 1959
863 1959
863 1959
863 1959
863 1959
863 1959
863 1959
863 1959
863 1959
863 1959
863 1959
863 1959
863 1959
863 1959
863 1959
863 1959
863 1959
864 1959
864 1959
864 1959
864 1959
864 1959
864 1959
864 1959
864 1959
864 1959
864 1959
864 1959
864 1959
864 1959
864 1959
864 1959
864 1959
864 1959
864 1959
864 1959
864 1959
864 1959
864 1959
864 1959
864 1959
864 1959
864 1959
864 1959
864 1959
864 1959
864 1959
864 1959
864 1959
864 1959
864 1959
864 1959
864 1959
864 1959
864 1959
864 1959
866 1959
866 1959
866 1959
866 1959
866 1959
866 1959
866 1959
868 1960
868 1960
868 1960
868 1960
868 1960
868 1960
868 1960
868 1960
868 1960
868 1960
868 1960
868 1960
868 1960
868 1960
868 1960
870 1960
870 1960
870 1960
870 1960
870 1960
870 1960
870 1960
871 1960
871 1960
871 1960
871 1960
871 1960
871 1960
871 1960
871 1960
871 1960
871 1960
871 1960
871 1960
871 1960
871 1960
871 1960
871 1960
871 1960
871 1960
871 1960
871 1960
871 1960
871 1960
871 1960
871 1960
871 1960
871 1960
871 1960
871 1960
871 1960
871 1960
871 1960
871 1960
871 1960
871 1960
871 1960
871 1960
871 1960
871 1960
871 1960
871 1960
871 1960
871 1960
871 1960
871 1960
871 1960
871 1960
871 1960
872 1960
872 1960
872 1960
872 1960
874 1961
874 1961
874 1961
874 1961
874 1961
874 1961
874 1961
874 1961
874 1961
874 1961
874 1961
874 1961
874 1961
874 1961
874 1961
874 1961
875 1961
875 1961
875 1961
875 1961
875 1961
875 1961
875 1961
875 1961
875 1961
875 1961
875 1961
875 1961
875 1961
875 1961
875 1961
875 1961
875 1961
875 1961
875 1961
875 1961
875 1961
875 1961
875 1961
875 1961
875 1961
875 1961
875 1961
875 1961
875 1961
875 1961
875 1961
875 1961
875 1961
875 1961
876 1961
876 1961
876 1961
876 1961
876 1961
876 1961
876 1961
876 1961
876 1961
876 1961
876 1961
876 1961
876 1961
876 1961
876 1961
876 1961
876 1961
876 1961
876 1961
876 1961
876 1961
876 1961
876 1961
876 1961
877 1961
877 1961
877 1961
877 1961
877 1961
877 1961
877 1961
877 1961
877 1961
877 1961
877 1961
877 1961
877 1961
877 1961
877 1961
877 1961
877 1961
877 1961
877 1961
877 1961
877 1961
877 1961
877 1961
877 1961
877 1961
877 1961
877 1961
877 1961
877 1961
877 1961
877 1961
877 1961
877 1961
877 1961
877 1961
877 1961
877 1961
877 1961
877 1961
878 1961
878 1961
878 1961
878 1961
878 1961
878 1961
878 1961
878 1961
878 1961
878 1961
878 1961
878 1961
878 1961
878 1961
878 1961
878 1961
878 1961
878 1961
878 1961
878 1961
878 1961
878 1961
878 1961
878 1961
878 1961
878 1961
878 1961
878 1961
878 1961
878 1961
878 1961
878 1961
878 1961
878 1961
878 1961
878 1961
878 1961
878 1961
878 1961
880 1961
880 1961
880 1961
880 1961
880 1961
880 1961
880 1961
880 1961
880 1961
880 1961
880 1961
880 1961
880 1961
880 1961
880 1961
880 1961
880 1961
880 1961
880 1961
882 1961
882 1961
882 1961
882 1961
882 1961
882 1961
882 1961
882 1961
882 1961
882 1961
882 1961
882 1961
882 1961
882 1961
882 1961
883 1961
883 1961
883 1961
883 1961
885 1962
885 1962
885 1962
885 1962
885 1962
885 1962
888 1962
888 1962
888 1962
888 1962
888 1962
888 1962
888 1962
888 1962
888 1962
888 1962
888 1962
888 1962
888 1962
888 1962
888 1962
888 1962
888 1962
888 1962
888 1962
889 1962
889 1962
889 1962
889 1962
889 1962
889 1962
889 1962
889 1962
889 1962
889 1962
889 1962
889 1962
889 1962
889 1962
889 1962
889 1962
889 1962
889 1962
890 1963
890 1963
890 1963
890 1963
890 1963
890 1963
890 1963
890 1963
890 1963
890 1963
890 1963
890 1963
890 1963
890 1963
890 1963
890 1963
891 1963
891 1963
891 1963
891 1963
891 1963
891 1963
891 1963
891 1963
891 1963
891 1963
891 1963
891 1963
891 1963
891 1963
891 1963
891 1963
891 1963
891 1963
891 1963
891 1963
891 1963
891 1963
891 1963
893 1963
893 1963
893 1963
893 1963
893 1963
894 1963
894 1963
894 1963
894 1963
894 1963
894 1963
895 1963
895 1963
895 1963
895 1963
895 1963
895 1963
895 1963
895 1963
895 1963
895 1963
895 1963
895 1963
895 1963
896 1963
896 1963
896 1963
896 1963
896 1963
896 1963
896 1963
896 1963
896 1963
896 1963
896 1963
896 1963
896 1963
896 1963
896 1963
896 1963
896 1963
896 1963
896 1963
896 1963
896 1963
896 1963
896 1963
896 1963
896 1963
896 1963
896 1963
896 1963
896 1963
896 1963
896 1963
896 1963
896 1963
896 1963
896 1963
896 1963
896 1963
896 1963
896 1963
896 1963
896 1963
896 1963
896 1963
896 1963
896 1963
896 1963
896 1963
896 1963
896 1963
896 1963
896 1963
897 1963
897 1963
897 1963
897 1963
897 1963
897 1963
897 1963
897 1963
897 1963
897 1963
897 1963
897 1963
897 1963
897 1963
897 1963
897 1963
897 1963
897 1963
897 1963
897 1963
897 1963
897 1963
897 1963
897 1963
897 1963
897 1963
897 1963
897 1963
897 1963
897 1963
897 1963
897 1963
897 1963
897 1963
897 1963
903 1964
903 1964
903 1964
903 1964
903 1964
903 1964
903 1964
903 1964
903 1964
903 1964
903 1964
903 1964
903 1964
903 1964
903 1964
903 1964
903 1964
903 1964
903 1964
903 1964
903 1964
903 1964
903 1964
903 1964
903 1964
903 1964
903 1964
903 1964
903 1964
903 1964
903 1964
903 1964
903 1964
903 1964
903 1964
903 1964
903 1964
903 1964
904 1964
904 1964
904 1964
904 1964
904 1964
904 1964
904 1964
904 1964
904 1964
904 1964
904 1964
904 1964
904 1964
904 1964
904 1964
904 1964
904 1964
904 1964
904 1964
904 1964
904 1964
904 1964
904 1964
904 1964
904 1964
904 1964
904 1964
904 1964
904 1964
904 1964
904 1964
904 1964
904 1964
905 1964
905 1964
905 1964
905 1964
905 1964
905 1964
905 1964
905 1964
905 1964
905 1964
905 1964
905 1964
905 1964
905 1964
905 1964
905 1964
905 1964
905 1964
905 1964
905 1964
905 1964
905 1964
905 1964
905 1964
905 1964
905 1964
905 1964
905 1964
905 1964
905 1964
905 1964
905 1964
905 1964
905 1964
907 1964
907 1964
907 1964
907 1964
907 1964
907 1964
907 1964
907 1964
907 1964
907 1964
907 1964
907 1964
907 1964
907 1964
907 1964
907 1964
907 1964
907 1964
907 1964
907 1964
907 1964
907 1964
907 1964
907 1964
907 1964
907 1964
907 1964
907 1964
907 1964
907 1964
907 1964
907 1964
907 1964
907 1964
907 1964
907 1964
907 1964
907 1964
907 1964
907 1964
907 1964
908 1964
908 1964
908 1964
908 1964
908 1964
908 1964
908 1964
908 1964
908 1964
908 1964
908 1964
908 1964
908 1964
908 1964
908 1964
909 1964
909 1964
909 1964
909 1964
909 1964
909 1964
909 1964
909 1964
909 1964
909 1964
909 1964
912 1965
912 1965
912 1965
912 1965
912 1965
912 1965
912 1965
912 1965
912 1965
913 1965
913 1965
913 1965
913 1965
913 1965
913 1965
913 1965
913 1965
913 1965
913 1965
913 1965
913 1965
913 1965
913 1965
913 1965
913 1965
913 1965
913 1965
913 1965
913 1965
913 1965
913 1965
913 1965
913 1965
913 1965
913 1965
913 1965
913 1965
913 1965
913 1965
913 1965
913 1965
913 1965
913 1965
913 1965
913 1965
913 1965
913 1965
913 1965
913 1965
913 1965
913 1965
913 1965
913 1965
913 1965
913 1965
913 1965
914 1965
914 1965
914 1965
914 1965
914 1965
914 1965
914 1965
914 1965
914 1965
914 1965
914 1965
914 1965
914 1965
914 1965
914 1965
914 1965
914 1965
914 1965
914 1965
914 1965
914 1965
914 1965
914 1965
914 1965
914 1965
914 1965
914 1965
914 1965
914 1965
914 1965
914 1965
914 1965
914 1965
914 1965
914 1965
914 1965
914 1965
914 1965
914 1965
914 1965
914 1965
914 1965
916 1965
916 1965
916 1965
916 1965
916 1965
916 1965
916 1965
916 1965
916 1965
916 1965
916 1965
917 1966
917 1966
917 1966
917 1966
917 1966
917 1966
917 1966
917 1966
917 1966
917 1966
917 1966
917 1966
917 1966
917 1966
917 1966
917 1966
918 1966
918 1966
919 1966
919 1966
919 1966
919 1966
920 1966
920 1966
920 1966
920 1966
920 1966
920 1966
920 1966
920 1966
920 1966
920 1966
920 1966
920 1966
920 1966
920 1966
920 1966
920 1966
920 1966
920 1966
922 1966
922 1966
922 1966
922 1966
922 1966
922 1966
922 1966
922 1966
922 1966
922 1966
922 1966
922 1966
922 1966
922 1966
922 1966
922 1966
922 1966
922 1966
922 1966
922 1966
922 1966
922 1966
922 1966
922 1966
922 1966
922 1966
922 1966
922 1966
922 1966
922 1966
922 1966
922 1966
922 1966
922 1966
922 1966
922 1966
922 1966
922 1966
922 1966
922 1966
922 1966
922 1966
922 1966
922 1966
922 1966
922 1966
922 1966
922 1966
922 1966
922 1966
922 1966
922 1966
922 1966
922 1966
922 1966
922 1966
925 1966
925 1966
925 1966
925 1966
925 1966
925 1966
925 1966
925 1966
925 1966
925 1966
925 1966
925 1966
925 1966
925 1966
925 1966
925 1966
925 1966
925 1966
925 1966
925 1966
925 1966
925 1966
925 1966
925 1966
925 1966
925 1966
925 1966
925 1966
925 1966
925 1966
925 1966
925 1966
925 1966
925 1966
925 1966
925 1966
925 1966
925 1966
925 1966
925 1966
925 1966
925 1966
925 1966
925 1966
925 1966
925 1966
925 1966
925 1966
925 1966
925 1966
925 1966
925 1966
925 1966
925 1966
925 1966
927 1966
927 1966
927 1966
927 1966
927 1966
927 1966
927 1966
927 1966
927 1966
927 1966
927 1966
927 1966
927 1966
927 1966
927 1966
927 1966
928 1967
928 1967
928 1967
928 1967
929 1967
929 1967
929 1967
929 1967
929 1967
929 1967
929 1967
929 1967
929 1967
929 1967
929 1967
929 1967
929 1967
929 1967
929 1967
929 1967
929 1967
929 1967
929 1967
929 1967
929 1967
929 1967
929 1967
929 1967
929 1967
929 1967
929 1967
929 1967
929 1967
929 1967
929 1967
929 1967
929 1967
929 1967
929 1967
929 1967
929 1967
929 1967
929 1967
929 1967
929 1967
929 1967
929 1967
930 1967
930 1967
930 1967
930 1967
930 1967
930 1967
930 1967
930 1967
930 1967
930 1967
930 1967
930 1967
930 1967
930 1967
930 1967
930 1967
930 1967
930 1967
930 1967
930 1967
930 1967
930 1967
930 1967
930 1967
930 1967
930 1967
930 1967
930 1967
930 1967
930 1967
930 1967
930 1967
930 1967
930 1967
930 1967
930 1967
930 1967
930 1967
930 1967
930 1967
930 1967
930 1967
930 1967
930 1967
931 1967
931 1967
931 1967
931 1967
931 1967
931 1967
931 1967
931 1967
931 1967
931 1967
931 1967
931 1967
931 1967
931 1967
931 1967
931 1967
931 1967
931 1967
931 1967
931 1967
931 1967
931 1967
933 1967
933 1967
933 1967
933 1967
933 1967
933 1967
935 1967
935 1967
935 1967
935 1967
935 1967
935 1967
935 1967
935 1967
935 1967
935 1967
935 1967
935 1967
935 1967
935 1967
935 1967
935 1967
935 1967
935 1967
935 1967
935 1967
935 1967
935 1967
935 1967
935 1967
935 1967
935 1967
936 1968
936 1968
936 1968
937 1968
937 1968
937 1968
937 1968
937 1968
937 1968
939 1968
939 1968
939 1968
939 1968
939 1968
939 1968
939 1968
939 1968
939 1968
939 1968
939 1968
943 1968
943 1968
943 1968
943 1968
943 1968
943 1968
943 1968
943 1968
943 1968
943 1968
943 1968
943 1968
943 1968
943 1968
943 1968
943 1968
943 1968
943 1968
943 1968
943 1968
945 1969
945 1969
945 1969
945 1969
946 1969
946 1969
946 1969
946 1969
946 1969
946 1969
946 1969
946 1969
946 1969
946 1969
946 1969
946 1969
946 1969
947 1969
947 1969
947 1969
947 1969
947 1969
947 1969
947 1969
947 1969
947 1969
947 1969
947 1969
947 1969
947 1969
947 1969
947 1969
947 1969
947 1969
947 1969
947 1969
947 1969
947 1969
947 1969
947 1969
947 1969
947 1969
947 1969
947 1969
947 1969
947 1969
947 1969
947 1969
947 1969
947 1969
947 1969
949 1969
949 1969
949 1969
949 1969
949 1969
949 1969
949 1969
949 1969
949 1969
949 1969
950 1969
950 1969
950 1969
950 1969
950 1969
950 1969
951 1969
951 1969
951 1969
951 1969
951 1969
951 1969
951 1969
951 1969
951 1969
952 1969
952 1969
952 1969
952 1969
952 1969
952 1969
952 1969
952 1969
952 1969
952 1969
952 1969
952 1969
952 1969
952 1969
952 1969
952 1969
952 1969
952 1969
952 1969
952 1969
952 1969
952 1969
952 1969
952 1969
952 1969
952 1969
952 1969
952 1969
952 1969
952 1969
952 1969
952 1969
952 1969
952 1969
952 1969
952 1969
952 1969
952 1969
952 1969
952 1969
952 1969
952 1969
953 1969
953 1969
953 1969
953 1969
953 1969
953 1969
953 1969
957 1969
957 1969
957 1969
957 1969
957 1969
957 1969
957 1969
957 1969
957 1969
957 1969
957 1969
957 1969
957 1969
957 1969
958 1969
958 1969
958 1969
958 1969
958 1969
958 1969
958 1969
958 1969
958 1969
958 1969
958 1969
960 1969
960 1969
960 1969
960 1969
961 1969
961 1969
961 1969
961 1969
961 1969
961 1969
962 1970
962 1970
964 1970
964 1970
964 1970
964 1970
964 1970
964 1970
964 1970
964 1970
964 1970
967 1970
967 1970
967 1970
967 1970
967 1970
967 1970
967 1970
967 1970
970 1970
970 1970
970 1970
970 1970
970 1970
970 1970
971 1970
971 1970
973 1971
973 1971
973 1971
973 1971
973 1971
974 1971
974 1971
974 1971
974 1971
974 1971
974 1971
974 1971
974 1971
977 1971
977 1971
977 1971
977 1971
977 1971
977 1971
977 1971
977 1971
977 1971
977 1971
977 1971
977 1971
977 1971
977 1971
977 1971
978 1971
978 1971
978 1971
978 1971
978 1971
978 1971
979 1971
979 1971
979 1971
979 1971
979 1971
979 1971
979 1971
979 1971
979 1971
979 1971
979 1971
979 1971
979 1971
979 1971
979 1971
979 1971
979 1971
979 1971
979 1971
979 1971
979 1971
979 1971
979 1971
979 1971
979 1971
979 1971
979 1971
979 1971
979 1971
979 1971
979 1971
979 1971
979 1971
979 1971
979 1971
979 1971
979 1971
979 1971
979 1971
979 1971
979 1971
979 1971
979 1971
979 1971
979 1971
979 1971
979 1971
979 1971
979 1971
979 1971
979 1971
979 1971
979 1971
979 1971
979 1971
979 1971
979 1971
979 1971
979 1971
979 1971
979 1971
979 1971
979 1971
979 1971
979 1971
979 1971
979 1971
979 1971
979 1971
979 1971
979 1971
979 1971
979 1971
979 1971
979 1971
979 1971
979 1971
979 1971
981 1971
981 1971
981 1971
986 1972
986 1972
986 1972
986 1972
986 1972
986 1972
987 1972
987 1972
987 1972
987 1972
987 1972
987 1972
987 1972
987 1972
987 1972
987 1972
987 1972
987 1972
987 1972
987 1972
989 1972
989 1972
989 1972
989 1972
989 1972
992 1973
992 1973
992 1973
992 1973
992 1973
992 1973
992 1973
992 1973
992 1973
992 1973
994 1973
994 1973
994 1973
997 1973
997 1973
997 1973
997 1973
997 1973
997 1973
997 1973
997 1973
997 1973
997 1973
997 1973
997 1973
997 1973
997 1973
997 1973
998 1973
998 1973
998 1973
998 1973
998 1973
998 1973
998 1973
998 1973
998 1973
998 1973
998 1973
998 1973
1004 1974
1004 1974
1004 1974
1004 1974
1004 1974
1004 1974
1004 1974
1004 1974
1004 1974
1004 1974
1004 1974
1004 1974
1004 1974
1004 1974
1004 1974
1004 1974
1004 1974
1005 1974
1005 1974
1005 1974
1005 1974
1005 1974
1005 1974
1005 1974
1005 1974
1005 1974
1005 1974
1005 1974
1005 1974
1005 1974
1005 1974
1005 1974
1005 1974
1005 1974
1005 1974
1005 1974
1005 1974
1005 1974
1005 1974
1005 1974
1008 1974
1008 1974
1008 1974
1008 1974
1008 1974
1008 1974
1008 1974
1008 1974
1008 1974
1008 1974
1009 1974
1009 1974
1009 1974
1009 1974
1009 1974
1009 1974
1009 1974
1012 1975
1012 1975
1012 1975
1012 1975
1012 1975
1013 1975
1013 1975
1013 1975
1013 1975
1013 1975
1013 1975
1013 1975
1014 1975
1014 1975
1014 1975
1014 1975
1014 1975
1014 1975
1014 1975
1014 1975
1014 1975
1014 1975
1014 1975
1014 1975
1014 1975
1014 1975
1014 1975
1014 1975
1015 1975
1015 1975
1015 1975
1015 1975
1015 1975
1015 1975
1015 1975
1015 1975
1016 1975
1016 1975
1016 1975
1016 1975
1016 1975
1016 1975
1016 1975
1016 1975
1016 1975
1016 1975
1016 1975
1016 1975
1016 1975
1016 1975
1017 1975
1017 1975
1017 1975
1017 1975
1017 1975
1017 1975
1017 1975
1017 1975
1017 1975
1017 1975
1017 1975
1017 1975
1017 1975
1017 1975
1017 1975
1017 1975
1017 1975
1017 1975
1017 1975
1017 1975
1017 1975
1017 1975
1017 1975
1017 1975
1017 1975
1017 1975
1017 1975
1017 1975
1017 1975
1017 1975
1017 1975
1017 1975
1022 1976
1022 1976
1022 1976
1022 1976
1022 1976
1022 1976
1022 1976
1022 1976
1022 1976
1022 1976
1023 1976
1023 1976
1023 1976
1023 1976
1023 1976
1023 1976
1023 1976
1023 1976
1023 1976
1023 1976
1023 1976
1023 1976
1023 1976
1023 1976
1025 1976
1025 1976
1025 1976
1025 1976
1025 1976
1025 1976
1025 1976
1025 1976
1025 1976
1025 1976
1025 1976
1025 1976
1025 1976
1025 1976
1025 1976
1025 1976
1025 1976
1025 1976
1025 1976
1025 1976
1025 1976
1025 1976
1025 1976
1025 1976
1025 1976
1025 1976
1025 1976
1025 1976
1025 1976
1025 1976
1025 1976
1025 1976
1025 1976
1025 1976
1025 1976
1025 1976
1025 1976
1025 1976
1025 1976
1025 1976
1026 1976
1026 1976
1026 1976
1026 1976
1026 1976
1026 1976
1026 1976
1026 1976
1026 1976
1026 1976
1026 1976
1026 1976
1026 1976
1026 1976
1026 1976
1026 1976
1026 1976
1026 1976
1026 1976
1026 1976
1026 1976
1026 1976
1028 1976
1028 1976
1028 1976
1028 1976
1028 1976
1028 1976
1028 1976
1028 1976
1028 1976
1028 1976
1028 1976
1028 1976
1029 1976
1029 1976
1029 1976
1029 1976
1030 1977
1030 1977
1030 1977
1030 1977
1030 1977
1030 1977
1030 1977
1030 1977
1030 1977
1030 1977
1030 1977
1030 1977
1030 1977
1031 1977
1031 1977
1032 1977
1032 1977
1032 1977
1033 1977
1033 1977
1033 1977
1033 1977
1033 1977
1034 1977
1034 1977
1034 1977
1034 1977
1039 1978
1039 1978
1039 1978
1039 1978
1039 1978
1041 1978
1041 1978
1041 1978
1041 1978
1041 1978
1041 1978
1041 1978
1041 1978
1041 1978
1041 1978
1041 1978
1041 1978
1041 1978
1041 1978
1041 1978
1041 1978
1041 1978
1041 1978
1041 1978
1041 1978
1042 1978
1042 1978
1042 1978
1042 1978
1042 1978
1042 1978
1042 1978
1042 1978
1042 1978
1042 1978
1042 1978
1042 1978
1042 1978
1043 1978
1043 1978
1043 1978
1043 1978
1043 1978
1043 1978
1043 1978
1043 1978
1043 1978
1043 1978
1043 1978
1047 1978
1047 1978
1047 1978
1047 1978
1047 1978
1049 1979
1049 1979
1049 1979
1051 1979
1051 1979
1051 1979
1051 1979
1051 1979
1051 1979
1051 1979
1051 1979
1051 1979
1051 1979
1051 1979
1051 1979
1051 1979
1051 1979
1051 1979
1051 1979
1051 1979
1051 1979
1051 1979
1051 1979
1051 1979
1051 1979
1051 1979
1051 1979
1051 1979
1051 1979
1051 1979
1051 1979
1051 1979
1051 1979
1051 1979
1051 1979
1051 1979
1051 1979
1051 1979
1053 1979
1053 1979
1053 1979
1053 1979
1053 1979
1053 1979
1053 1979
1053 1979
1053 1979
1053 1979
1053 1979
1053 1979
1053 1979
1053 1979
1053 1979
1053 1979
1054 1979
1054 1979
1054 1979
1054 1979
1054 1979
1054 1979
1054 1979
1054 1979
1054 1979
1054 1979
1054 1979
1054 1979
1054 1979
1054 1979
1054 1979
1054 1979
1054 1979
1054 1979
1054 1979
1054 1979
1054 1979
1054 1979
1054 1979
1054 1979
1054 1979
1054 1979
1054 1979
1054 1979
1055 1979
1055 1979
1055 1979
1055 1979
1057 1980
1057 1980
1057 1980
1057 1980
1057 1980
1057 1980
1057 1980
1057 1980
1057 1980
1057 1980
1057 1980
1057 1980
1057 1980
1057 1980
1057 1980
1057 1980
1057 1980
1057 1980
1057 1980
1057 1980
1057 1980
1057 1980
1057 1980
1057 1980
1057 1980
1057 1980
1057 1980
1057 1980
1057 1980
1057 1980
1057 1980
1057 1980
1058 1980
1058 1980
1058 1980
1058 1980
1058 1980
1058 1980
1058 1980
1058 1980
1058 1980
1058 1980
1058 1980
1058 1980
1058 1980
1058 1980
1058 1980
1059 1980
1059 1980
1059 1980
1059 1980
1059 1980
1061 1980
1061 1980
1061 1980
1061 1980
1061 1980
1061 1980
1061 1980
1061 1980
1061 1980
1062 1980
1062 1980
1062 1980
1062 1980
1062 1980
1062 1980
1062 1980
1062 1980
1062 1980
1062 1980
1062 1980
1062 1980
1062 1980
1062 1980
1062 1980
1062 1980
1062 1980
1062 1980
1062 1980
1062 1980
1062 1980
1062 1980
1062 1980
1062 1980
1062 1980
1062 1980
1062 1980
1062 1980
1062 1980
1062 1980
1062 1980
1062 1980
1062 1980
1062 1980
1062 1980
1062 1980
1062 1980
1062 1980
1062 1980
1062 1980
1062 1980
1062 1980
1062 1980
1062 1980
1062 1980
1062 1980
1062 1980
1062 1980
1062 1980
1063 1980
1063 1980
1063 1980
1063 1980
1065 1980
1065 1980
1065 1980
1065 1980
1065 1980
1065 1980
1065 1980
1065 1980
1065 1980
1065 1980
1065 1980
1065 1980
1065 1980
1065 1980
1065 1980
1065 1980
1065 1980
1065 1980
1065 1980
1065 1980
1065 1980
1065 1980
1065 1980
1065 1980
1066 1980
1066 1980
1066 1980
1066 1980
1066 1980
1066 1980
1067 1980
1067 1980
1067 1980
1067 1980
1067 1980
1067 1980
1067 1980
1067 1980
1067 1980
1071 1981
1071 1981
1072 1981
1072 1981
1072 1981
1072 1981
1072 1981
1072 1981
1072 1981
1072 1981
1072 1981
1072 1981
1072 1981
1072 1981
1072 1981
1072 1981
1072 1981
1072 1981
1073 1981
1073 1981
1073 1981
1073 1981
1073 1981
1073 1981
1073 1981
1073 1981
1073 1981
1073 1981
1073 1981
1073 1981
1074 1981
1074 1981
1074 1981
1074 1981
1074 1981
1074 1981
1074 1981
1074 1981
1074 1981
1075 1981
1075 1981
1075 1981
1075 1981
1075 1981
1075 1981
1075 1981
1075 1981
1075 1981
1075 1981
1075 1981
1075 1981
1075 1981
1075 1981
1075 1981
1075 1981
1075 1981
1075 1981
1075 1981
1075 1981
1075 1981
1075 1981
1076 1981
1076 1981
1076 1981
1076 1981
1076 1981
1076 1981
1076 1981
1076 1981
1076 1981
1076 1981
1076 1981
1076 1981
1076 1981
1076 1981
1076 1981
1076 1981
1076 1981
1076 1981
1076 1981
1076 1981
1076 1981
1076 1981
1076 1981
1076 1981
1076 1981
1078 1981
1078 1981
1078 1981
1078 1981
1080 1982
1080 1982
1084 1982
1084 1982
1084 1982
1084 1982
1084 1982
1084 1982
1084 1982
1084 1982
1084 1982
1084 1982
1084 1982
1084 1982
1084 1982
1084 1982
1084 1982
1084 1982
1084 1982
1084 1982
1084 1982
1084 1982
1084 1982
1086 1983
1086 1983
1086 1983
1086 1983
1086 1983
1086 1983
1086 1983
1087 1983
1087 1983
1088 1983
1088 1983
1088 1983
1088 1983
1088 1983
1094 1984
1094 1984
1094 1984
1094 1984
1094 1984
1094 1984
1094 1984
1094 1984
1094 1984
1094 1984
1094 1984
1094 1984
1094 1984
1098 1984
1098 1984
1100 1984
1100 1984
1100 1984
1100 1984
1100 1984
1100 1984
1100 1984
1100 1984
1100 1984
1100 1984
1100 1984
1100 1984
1100 1984
1100 1984
1100 1984
1100 1984
1100 1984
1100 1984
1100 1984
1100 1984
1100 1984
1100 1984
1100 1984
1100 1984
1100 1984
1100 1984
1100 1984
1100 1984
1101 1984
1101 1984
1101 1984
1101 1984
1101 1984
1101 1984
1101 1984
1101 1984
1101 1984
1101 1984
1101 1984
1101 1984
1101 1984
1101 1984
1101 1984
1101 1984
1101 1984
1101 1984
1101 1984
1102 1984
1102 1984
1102 1984
1102 1984
1102 1984
1102 1984
1102 1984
1102 1984
1102 1984
1102 1984
1102 1984
1104 1985
1104 1985
1105 1985
1105 1985
1105 1985
1105 1985
1105 1985
1105 1985
1105 1985
1106 1985
1106 1985
1106 1985
1106 1985
1107 1985
1107 1985
1107 1985
1107 1985
1107 1985
1107 1985
1107 1985
1107 1985
1107 1985
1107 1985
1107 1985
1107 1985
1107 1985
1107 1985
1107 1985
1107 1985
1107 1985
1109 1985
1109 1985
1109 1985
1109 1985
1109 1985
1109 1985
1109 1985
1109 1985
1109 1985
1109 1985
1109 1985
1109 1985
1109 1985
1109 1985
1109 1985
1109 1985
1109 1985
1109 1985
1109 1985
1109 1985
1109 1985
1109 1985
1109 1985
1109 1985
1109 1985
1112 1985
1112 1985
1112 1985
1112 1985
1112 1985
1112 1985
1112 1985
1113 1985
1113 1985
1113 1985
1113 1985
1113 1985
1113 1985
1113 1985
1113 1985
1113 1985
1113 1985
1113 1985
1113 1985
1113 1985
1113 1985
1113 1985
1113 1985
1113 1985
1113 1985
1113 1985
1113 1985
1113 1985
1113 1985
1113 1985
1115 1986
1115 1986
1115 1986
1115 1986
1116 1986
1116 1986
1116 1986
1116 1986
1118 1986
1118 1986
1118 1986
1118 1986
1118 1986
1118 1986
1118 1986
1118 1986
1118 1986
1118 1986
1118 1986
1118 1986
1118 1986
1118 1986
1118 1986
1118 1986
1118 1986
1118 1986
1118 1986
1118 1986
1118 1986
1118 1986
1118 1986
1118 1986
1118 1986
1118 1986
1118 1986
1118 1986
1118 1986
1119 1986
1119 1986
1119 1986
1119 1986
1119 1986
1121 1987
1121 1987
1121 1987
1121 1987
1121 1987
1121 1987
1121 1987
1125 1987
1125 1987
1125 1987
1125 1987
1125 1987
1125 1987
1125 1987
1125 1987
1125 1987
1125 1987
1125 1987
1126 1987
1126 1987
1130 1988
1130 1988
1133 1988
1133 1988
1134 1988
1134 1988
1134 1988
1134 1988
1134 1988
1134 1988
1134 1988
1134 1988
1134 1988
1134 1988
1134 1988
1134 1988
1134 1988
1134 1988
1134 1988
1134 1988
1134 1988
1134 1988
1134 1988
1134 1988
1134 1988
1134 1988
1134 1988
1134 1988
1134 1988
1135 1988
1135 1988
1135 1988
1135 1988
1135 1988
1135 1988
1135 1988
1135 1988
1135 1988
1135 1988
1135 1988
1135 1988
1135 1988
1135 1988
1135 1988
1135 1988
1135 1988
1135 1988
1135 1988
1135 1988
1135 1988
1135 1988
1135 1988
1135 1988
1135 1988
1135 1988
1135 1988
1135 1988
1135 1988
1135 1988
1135 1988
1135 1988
1135 1988
1135 1988
1135 1988
1135 1988
1137 1988
1137 1988
1137 1988
1137 1988
1137 1988
1137 1988
1137 1988
1137 1988
1137 1988
1137 1988
1137 1988
1137 1988
1137 1988
1137 1988
1137 1988
1137 1988
1137 1988
1137 1988
1137 1988
1137 1988
1141 1989
1141 1989
1141 1989
1142 1989
1142 1989
1142 1989
1142 1989
1142 1989
1142 1989
1142 1989
1142 1989
1142 1989
1142 1989
1142 1989
1142 1989
1142 1989
1142 1989
1142 1989
1142 1989
1142 1989
1142 1989
1142 1989
1142 1989
1142 1989
1142 1989
1142 1989
1142 1989
1143 1989
1143 1989
1143 1989
1143 1989
1143 1989
1143 1989
1143 1989
1143 1989
1143 1989
1143 1989
1143 1989
1143 1989
1143 1989
1143 1989
1143 1989
1143 1989
1143 1989
1143 1989
1144 1989
1144 1989
1144 1989
1144 1989
1144 1989
1144 1989
1144 1989
1144 1989
1145 1989
1145 1989
1145 1989
1145 1989
1145 1989
1145 1989
1145 1989
1145 1989
1145 1989
1145 1989
1145 1989
1145 1989
1145 1989
1145 1989
1145 1989
1145 1989
1145 1989
1145 1989
1145 1989
1145 1989
1145 1989
1145 1989
1145 1989
1145 1989
1145 1989
1145 1989
1145 1989
1145 1989
1145 1989
1145 1989
1145 1989
1145 1989
1145 1989
1145 1989
1145 1989
1145 1989
1145 1989
1146 1989
1146 1989
1146 1989
1146 1989
1146 1989
1146 1989
1146 1989
1146 1989
1146 1989
1146 1989
1146 1989
1146 1989
1146 1989
1146 1989
1146 1989
1146 1989
1146 1989
1146 1989
1146 1989
1146 1989
1146 1989
1146 1989
1146 1989
1146 1989
1146 1989
1146 1989
1146 1989
1146 1989
1146 1989
1146 1989
1146 1989
1146 1989
1146 1989
1146 1989
1146 1989
1148 1989
1148 1989
1151 1990
1151 1990
1151 1990
1151 1990
1151 1990
1151 1990
1151 1990
1151 1990
1151 1990
1151 1990
1151 1990
1151 1990
1151 1990
1151 1990
1153 1990
1153 1990
1153 1990
1156 1990
1156 1990
1156 1990
1156 1990
1156 1990
1156 1990
1156 1990
1156 1990
1156 1990
1156 1990
1156 1990
1156 1990
1156 1990
1156 1990
1156 1990
1156 1990
1156 1990
1156 1990
1156 1990
1156 1990
1156 1990
1156 1990
1156 1990
1156 1990
1156 1990
1156 1990
1156 1990
1156 1990
1156 1990
1158 1990
1158 1990
1158 1990
1158 1990
1158 1990
1158 1990
1158 1990
1158 1990
1158 1990
1158 1990
1158 1990
1158 1990
1158 1990
1158 1990
1158 1990
1158 1990
1158 1990
1158 1990
1158 1990
1158 1990
1158 1990
1158 1990
1158 1990
1158 1990
1158 1990
1158 1990
1158 1990
1158 1990
1158 1990
1158 1990
1158 1990
1158 1990
1158 1990
1159 1990
1159 1990
1159 1990
1159 1990
1159 1990
1159 1990
1160 1990
1160 1990
1160 1990
1161 1990
1161 1990
1161 1990
1161 1990
1161 1990
1161 1990
1161 1990
1161 1990
1161 1990
1161 1990
1163 1990
1163 1990
1163 1990
1163 1990
1163 1990
1163 1990
1163 1990
1163 1990
1163 1990
1165 1991
1165 1991
1165 1991
1165 1991
1165 1991
1165 1991
1165 1991
1165 1991
1165 1991
1166 1991
1166 1991
1166 1991
1166 1991
1166 1991
1166 1991
1166 1991
1166 1991
1166 1991
1166 1991
1166 1991
1166 1991
1166 1991
1166 1991
1166 1991
1170 1991
1170 1991
1170 1991
1170 1991
1170 1991
1170 1991
1170 1991
1171 1991
1171 1991
1173 1992
1173 1992
1173 1992
1173 1992
1173 1992
1173 1992
1173 1992
1173 1992
1173 1992
1173 1992
1173 1992
1173 1992
1173 1992
1173 1992
1173 1992
1173 1992
1173 1992
1173 1992
1174 1992
1174 1992
1174 1992
1174 1992
1174 1992
1174 1992
1174 1992
1174 1992
1174 1992
1174 1992
1174 1992
1174 1992
1174 1992
1174 1992
1174 1992
1174 1992
1174 1992
1174 1992
1174 1992
1174 1992
1174 1992
1174 1992
1174 1992
1174 1992
1175 1992
1175 1992
1175 1992
1175 1992
1175 1992
1175 1992
1175 1992
1175 1992
1175 1992
1175 1992
1175 1992
1175 1992
1175 1992
1175 1992
1178 1992
1178 1992
1178 1992
1178 1992
1178 1992
1178 1992
1178 1992
1178 1992
1183 1993
1183 1993
1183 1993
1183 1993
1183 1993
1183 1993
1183 1993
1183 1993
1183 1993
1183 1993
1183 1993
1183 1993
1183 1993
1183 1993
1183 1993
1183 1993
1183 1993
1183 1993
1183 1993
1183 1993
1183 1993
1183 1993
1183 1993
1183 1993
1183 1993
1183 1993
1183 1993
1183 1993
1183 1993
1184 1993
1184 1993
1184 1993
1184 1993
1185 1993
1185 1993
1185 1993
1185 1993
1186 1993
1189 1994
1189 1994
1189 1994
1189 1994
1189 1994
1189 1994
1189 1994
1189 1994
1192 1994
1192 1994
1192 1994
1192 1994
1192 1994
1192 1994
1192 1994
1192 1994
1192 1994
1192 1994
1192 1994
1192 1994
1192 1994
1192 1994
1192 1994
1192 1994
1192 1994
1193 1994
1193 1994
1193 1994
1193 1994
1194 1995
1194 1995
1194 1995
1198 1995
1198 1995
1198 1995
1198 1995
1198 1995
1198 1995
1198 1995
1198 1995
1198 1995
1198 1995
1199 1995
1199 1995
1199 1995
1199 1995
1199 1995
1199 1995
1199 1995
1199 1995
1199 1995
1199 1995
1199 1995
1199 1995
1199 1995
1199 1995
1199 1995
1199 1995
1199 1995
1199 1995
1199 1995
1199 1995
1199 1995
1199 1995
1199 1995
1199 1995
1199 1995
1199 1995
1199 1995
1199 1995
1199 1995
1199 1995
1199 1995
1199 1995
1199 1995
1199 1995
1199 1995
1199 1995
1199 1995
1201 1995
1201 1995
1201 1995
1201 1995
1201 1995
1201 1995
1201 1995
1201 1995
1201 1995
1201 1995
1201 1995
1201 1995
1201 1995
1201 1995
1201 1995
1201 1995
1201 1995
1201 1995
1201 1995
1201 1995
1201 1995
1201 1995
1201 1995
1201 1995
1201 1995
1201 1995
1201 1995
1201 1995
1201 1995
1201 1995
1201 1995
1201 1995
1201 1995
1201 1995
1202 1995
1202 1995
1202 1995
1202 1995
1202 1995
1202 1995
1202 1995
1202 1995
1202 1995
1202 1995
1202 1995
1202 1995
1202 1995
1202 1995
1202 1995
1202 1995
1202 1995
1202 1995
1202 1995
1202 1995
1202 1995
1202 1995
1202 1995
1202 1995
1202 1995
1202 1995
1202 1995
1202 1995
1202 1995
1202 1995
1205 1995
1205 1995
1205 1995
1205 1995
1205 1995
1205 1995
1205 1995
1205 1995
1205 1995
1205 1995
1205 1995
1205 1995
1205 1995
1205 1995
1205 1995
1205 1995
1205 1995
1205 1995
1205 1995
1205 1995
1205 1995
1205 1995
1205 1995
1205 1995
1205 1995
1205 1995
1205 1995
1205 1995
1205 1995
1205 1995
1205 1995
1205 1995
1205 1995
1205 1995
1205 1995
1205 1995
1205 1995
1205 1995
1205 1995
1205 1995
1205 1995
1205 1995
1205 1995
1205 1995
1205 1995
1205 1995
1205 1995
1205 1995
1206 1995
1206 1995
1206 1995
1206 1995
1206 1995
1206 1995
1206 1995
1206 1995
1206 1995
1206 1995
1206 1995
1206 1995
1206 1995
1206 1995
1206 1995
1206 1995
1206 1995
1206 1995
1206 1995
1206 1995
1206 1995
1206 1995
1206 1995
1206 1995
1206 1995
1206 1995
1206 1995
1206 1995
1206 1995
1206 1995
1206 1995
1207 1995
1207 1995
1207 1995
1207 1995
1207 1995
1207 1995
1207 1995
1207 1995
1207 1995
1207 1995
1207 1995
1208 1995
1208 1995
1208 1995
1208 1995
1208 1995
1208 1995
1208 1995
1208 1995
1208 1995
1208 1995
1208 1995
1210 1995
1210 1995
1210 1995
1210 1995
1210 1995
1210 1995
1210 1995
1210 1995
1210 1995
1210 1995
1210 1995
1210 1995
1210 1995
1210 1995
1210 1995
1210 1995
1210 1995
1210 1995
1210 1995
1210 1995
1212 1995
1212 1995
1212 1995
1212 1995
1212 1995
1212 1995
1212 1995
1212 1995
1212 1995
1212 1995
1212 1995
1212 1995
1214 1996
1214 1996
1214 1996
1214 1996
1214 1996
1214 1996
1214 1996
1214 1996
1214 1996
1214 1996
1214 1996
1214 1996
1214 1996
1214 1996
1214 1996
1214 1996
1214 1996
1214 1996
1214 1996
1214 1996
1214 1996
1214 1996
1215 1996
1215 1996
1215 1996
1215 1996
1216 1996
1216 1996
1217 1996
1217 1996
1217 1996
1217 1996
1217 1996
1217 1996
1217 1996
1217 1996
1217 1996
1217 1996
1217 1996
1217 1996
1217 1996
1217 1996
1217 1996
1217 1996
1217 1996
1217 1996
1217 1996
1217 1996
1217 1996
1217 1996
1217 1996
1217 1996
1217 1996
1217 1996
1217 1996
1217 1996
1217 1996
1217 1996
1217 1996
1217 1996
1217 1996
1217 1996
1217 1996
1217 1996
1217 1996
1217 1996
1217 1996
1217 1996
1217 1996
1217 1996
1218 1996
1218 1996
1218 1996
1218 1996
1218 1996
1218 1996
1218 1996
1218 1996
1218 1996
1218 1996
1218 1996
1218 1996
1218 1996
1218 1996
1218 1996
1218 1996
1218 1996
1218 1996
1218 1996
1218 1996
1218 1996
1218 1996
1218 1996
1218 1996
1218 1996
1218 1996
1218 1996
1218 1996
1218 1996
1218 1996
1218 1996
1220 1996
1220 1996
1220 1996
1220 1996
1220 1996
1220 1996
1220 1996
1220 1996
1220 1996
1220 1996
1220 1996
1220 1996
1220 1996
1220 1996
1220 1996
1220 1996
1220 1996
1220 1996
1220 1996
1220 1996
1220 1996
1220 1996
1220 1996
1220 1996
1220 1996
1221 1996
1221 1996
1221 1996
1221 1996
1221 1996
1221 1996
1221 1996
1221 1996
1221 1996
1221 1996
1221 1996
1221 1996
1221 1996
1221 1996
1221 1996
1224 1996
1224 1996
1224 1996
1224 1996
1224 1996
1224 1996
1224 1996
1224 1996
1224 1996
1224 1996
1224 1996
1224 1996
1224 1996
1224 1996
1224 1996
1224 1996
1224 1996
1224 1996
1224 1996
1224 1996
1224 1996
1224 1996
1224 1996
1224 1996
1224 1996
1224 1996
1224 1996
1224 1996
1224 1996
1224 1996
1224 1996
1224 1996
1224 1996
1224 1996
1224 1996
1224 1996
1224 1996
1225 1996
1225 1996
1228 1997
1228 1997
1230 1997
1230 1997
1230 1997
1230 1997
1230 1997
1230 1997
1230 1997
1231 1997
1231 1997
1231 1997
1231 1997
1231 1997
1231 1997
1231 1997
1231 1997
1231 1997
1231 1997
1231 1997
1231 1997
1231 1997
1231 1997
1231 1997
1231 1997
1231 1997
1231 1997
1231 1997
1231 1997
1231 1997
1231 1997
1231 1997
1231 1997
1231 1997
1231 1997
1231 1997
1231 1997
1231 1997
1235 1998
1235 1998
1235 1998
1235 1998
1235 1998
1235 1998
1235 1998
1235 1998
1235 1998
1235 1998
1235 1998
1235 1998
1235 1998
1235 1998
1235 1998
1235 1998
1235 1998
1235 1998
1235 1998
1235 1998
1235 1998
1235 1998
1235 1998
1235 1998
1235 1998
1235 1998
1237 1998
1237 1998
1237 1998
1237 1998
1237 1998
1237 1998
1237 1998
1237 1998
1237 1998
1237 1998
1237 1998
1237 1998
1237 1998
1237 1998
1237 1998
1237 1998
1237 1998
1237 1998
1237 1998
1237 1998
1237 1998
1237 1998
1237 1998
1237 1998
1237 1998
1237 1998
1237 1998
1237 1998
1237 1998
1237 1998
1237 1998
1237 1998
1237 1998
1237 1998
1237 1998
1237 1998
1237 1998
1237 1998
1238 1998
1238 1998
1238 1998
1238 1998
1240 1998
1240 1998
1240 1998
1240 1998
1240 1998
1240 1998
1240 1998
1240 1998
1240 1998
1240 1998
1240 1998
1240 1998
1240 1998
1240 1998
1240 1998
1240 1998
1240 1998
1240 1998
1240 1998
1240 1998
1240 1998
1240 1998
1240 1998
1240 1998
1240 1998
1240 1998
1240 1998
1240 1998
1240 1998
1240 1998
1240 1998
1240 1998
1240 1998
1240 1998
1240 1998
1240 1998
1240 1998
1240 1998
1240 1998
1240 1998
1240 1998
1240 1998
1240 1998
1240 1998
1240 1998
1242 1998
1242 1998
1242 1998
1242 1998
1242 1998
1242 1998
1242 1998
1242 1998
1242 1998
1242 1998
1242 1998
1242 1998
1242 1998
1243 1998
1243 1998
1243 1998
1243 1998
1243 1998
1243 1998
1243 1998
1243 1998
1243 1998
1243 1998
1243 1998
1243 1998
1243 1998
1243 1998
1243 1998
1243 1998
1243 1998
1243 1998
1243 1998
1243 1998
1243 1998
1243 1998
1243 1998
1243 1998
1243 1998
1243 1998
1243 1998
1243 1998
1244 1998
1244 1998
1244 1998
1244 1998
1244 1998
1244 1998
1244 1998
1244 1998
1244 1998
1244 1998
1245 1998
1245 1998
1246 1998
1246 1998
1246 1998
1246 1998
1246 1998
1246 1998
1246 1998
1246 1998
1246 1998
1246 1998
1246 1998
1246 1998
1246 1998
1246 1998
1246 1998
1246 1998
1246 1998
1246 1998
1246 1998
1246 1998
1246 1998
1246 1998
1247 1998
1247 1998
1247 1998
1247 1998
1247 1998
1247 1998
1249 1999
1249 1999
1249 1999
1249 1999
1249 1999
1249 1999
1249 1999
1249 1999
1249 1999
1249 1999
1250 1999
1250 1999
1250 1999
1250 1999
1250 1999
1250 1999
1250 1999
1250 1999
1250 1999
1250 1999
1250 1999
1250 1999
1250 1999
1250 1999
1250 1999
1250 1999
1250 1999
1250 1999
1250 1999
1250 1999
1250 1999
1250 1999
1250 1999
1250 1999
1251 1999
1251 1999
1251 1999
1251 1999
1251 1999
1251 1999
1251 1999
1251 1999
1251 1999
1251 1999
1251 1999
1251 1999
1251 1999
1251 1999
1251 1999
1251 1999
1251 1999
1251 1999
1251 1999
1251 1999
1251 1999
1251 1999
1251 1999
1253 1999
1253 1999
1253 1999
1253 1999
1253 1999
1253 1999
1253 1999
1253 1999
1253 1999
1253 1999
1253 1999
1253 1999
1253 1999
1253 1999
1253 1999
1253 1999
1253 1999
1253 1999
1253 1999
1253 1999
1253 1999
1253 1999
1253 1999
1253 1999
1253 1999
1254 1999
1254 1999
1254 1999
1254 1999
1254 1999
1254 1999
1254 1999
1254 1999
1254 1999
1254 1999
1254 1999
1254 1999
1254 1999
1254 1999
1254 1999
1254 1999
1254 1999
1254 1999
1254 1999
1254 1999
1254 1999
1254 1999
1254 1999
1254 1999
1254 1999
1254 1999
1254 1999
1254 1999
1254 1999
1254 1999
1254 1999
1254 1999
1254 1999
1254 1999
1254 1999
1254 1999
1254 1999
1254 1999
1256 1999
1256 1999
1256 1999
1256 1999
1256 1999
1256 1999
1256 1999
1256 1999
1256 1999
1256 1999
1256 1999
1256 1999
1256 1999
1256 1999
1256 1999
1256 1999
1257 1999
1257 1999
1257 1999
1257 1999
1257 1999
1257 1999
1257 1999
1257 1999
1257 1999
1259 1999
1259 1999
1259 1999
1259 1999
1259 1999
1259 1999
1259 1999
1259 1999
1259 1999
1259 1999
1259 1999
1259 1999
1259 1999
1259 1999
1259 1999
1259 1999
1259 1999
1259 1999
1259 1999
1260 2000
1260 2000
1260 2000
1260 2000
1260 2000
1260 2000
1260 2000
1260 2000
1260 2000
1260 2000
1260 2000
1260 2000
1260 2000
1260 2000
1260 2000
1260 2000
1260 2000
1260 2000
1260 2000
1260 2000
1260 2000
1260 2000
1260 2000
1260 2000
1260 2000
1260 2000
1260 2000
1260 2000
1260 2000
1260 2000
1260 2000
1260 2000
1260 2000
1260 2000
1260 2000
1260 2000
1260 2000
1260 2000
1260 2000
1260 2000
1260 2000
1260 2000
1260 2000
1260 2000
1260 2000
1260 2000
1260 2000
1263 2000
1263 2000
1263 2000
1263 2000
1263 2000
1263 2000
1263 2000
1263 2000
1263 2000
1265 2000
1265 2000
1265 2000
1265 2000
1265 2000
1265 2000
1265 2000
1265 2000
1265 2000
1266 2000
1266 2000
1266 2000
1266 2000
1268 2000
1268 2000
1268 2000
1268 2000
1268 2000
1268 2000
1268 2000
1268 2000
1268 2000
1268 2000
1268 2000
1268 2000
1268 2000
1268 2000
1268 2000
1268 2000
1268 2000
1268 2000
1268 2000
1268 2000
1268 2000
1268 2000
1268 2000
1268 2000
1268 2000
1268 2000
1268 2000
1268 2000
1268 2000
1268 2000
1268 2000
1269 2000
1269 2000
1269 2000
1269 2000
1269 2000
1269 2000
1269 2000
1269 2000
1269 2000
1270 2000
1270 2000
1270 2000
1270 2000
1270 2000
1270 2000
1270 2000
1270 2000
1270 2000
1270 2000
1270 2000
1270 2000
1270 2000
1272 2000
1272 2000
1272 2000
1272 2000
1272 2000
1272 2000
1272 2000
1272 2000
1272 2000
1279 2001
1279 2001
1279 2001
1279 2001
1279 2001
1279 2001
1279 2001
1279 2001
1279 2001
1279 2001
1279 2001
1279 2001
1279 2001
1279 2001
1279 2001
1279 2001
1279 2001
1279 2001
1279 2001
1279 2001
1279 2001
1279 2001
1279 2001
1279 2001
1280 2001
1280 2001
1280 2001
1280 2001
1280 2001
1280 2001
1280 2001
1280 2001
1280 2001
1280 2001
1280 2001
1280 2001
1280 2001
1280 2001
1280 2001
1280 2001
1280 2001
1280 2001
1281 2001
1281 2001
1281 2001
1281 2001
1282 2001
1282 2001
1282 2001
1282 2001
1282 2001
1282 2001
1282 2001
1282 2001
1282 2001
1282 2001
1282 2001
1282 2001
1282 2001
1282 2001
1282 2001
1282 2001
1283 2001
1283 2001
1283 2001
1283 2001
1283 2001
1283 2001
1283 2001
1283 2001
1283 2001
1283 2001
1285 2001
1285 2001
1285 2001
1287 2001
1287 2001
1287 2001
1287 2001
1287 2001
1287 2001
1287 2001
1287 2001
1287 2001
1287 2001
1287 2001
1287 2001
1287 2001
1287 2001
1288 2001
1288 2001
1289 2001
1289 2001
1289 2001
1289 2001
1289 2001
1289 2001
1289 2001
1289 2001
1289 2001
1289 2001
1289 2001
1296 2002
1296 2002
1296 2002
1296 2002
1298 2002
1298 2002
1298 2002
1298 2002
1298 2002
1298 2002
1298 2002
1298 2002
1298 2002
1298 2002
1298 2002
1298 2002
1298 2002
1298 2002
1298 2002
1300 2002
1300 2002
1300 2002
1300 2002
1300 2002
1300 2002
1300 2002
1300 2002
1300 2002
1300 2002
1300 2002
1301 2002
1301 2002
1301 2002
1301 2002
1301 2002
1301 2002
1301 2002
1301 2002
1301 2002
1301 2002
1301 2002
1301 2002
1301 2002
1304 2003
1304 2003
1304 2003
1304 2003
1305 2003
1305 2003
1305 2003
1305 2003
1306 2003
1307 2003
1307 2003
1307 2003
1307 2003
1307 2003
1307 2003
1307 2003
1307 2003
1307 2003
1307 2003
1307 2003
1307 2003
1307 2003
1307 2003
1307 2003
1307 2003
1307 2003
1307 2003
1307 2003
1307 2003
1307 2003
1307 2003
1307 2003
1307 2003
1307 2003
1307 2003
1307 2003
1307 2003
1307 2003
1307 2003
1307 2003
1307 2003
1307 2003
1307 2003
1307 2003
1307 2003
1307 2003
1307 2003
1307 2003
1310 2003
1310 2003
1310 2003
1310 2003
1310 2003
1310 2003
1310 2003
1310 2003
1310 2003
1310 2003
1310 2003
1310 2003
1310 2003
1310 2003
1310 2003
1310 2003
1310 2003
1310 2003
1310 2003
1310 2003
1310 2003
1310 2003
1310 2003
1310 2003
1310 2003
1310 2003
1310 2003
1310 2003
1310 2003
1310 2003
1310 2003
1310 2003
1310 2003
1310 2003
1310 2003
1310 2003
1310 2003
1310 2003
1310 2003
1310 2003
1310 2003
1310 2003
1310 2003
1310 2003
1310 2003
1310 2003
1310 2003
1311 2003
1311 2003
1311 2003
1311 2003
1311 2003
1311 2003
1311 2003
1311 2003
1311 2003
1311 2003
1311 2003
1311 2003
1312 2003
1312 2003
1312 2003
1312 2003
1312 2003
1312 2003
1312 2003
1312 2003
1312 2003
1312 2003
1312 2003
1312 2003
1312 2003
1312 2003
1312 2003
1312 2003
1312 2003
1312 2003
1312 2003
1312 2003
1312 2003
1312 2003
1312 2003
1312 2003
1318 2004
1318 2004
1318 2004
1318 2004
1318 2004
1318 2004
1318 2004
1318 2004
1318 2004
1318 2004
1318 2004
1318 2004
1318 2004
1320 2004
1320 2004
1320 2004
1320 2004
1320 2004
1320 2004
1320 2004
1320 2004
1320 2004
1320 2004
1320 2004
1320 2004
1321 2004
1321 2004
1321 2004
1321 2004
1321 2004
1321 2004
1321 2004
1321 2004
1321 2004
1321 2004
1321 2004
1321 2004
1321 2004
1321 2004
1323 2004
1323 2004
1323 2004
1323 2004
1323 2004
1323 2004
1323 2004
1323 2004
1323 2004
1323 2004
1323 2004
1323 2004
1323 2004
1323 2004
1323 2004
1323 2004
1323 2004
1323 2004
1323 2004
1323 2004
1323 2004
1323 2004
1323 2004
1323 2004
1323 2004
1323 2004
1323 2004
1323 2004
1323 2004
1323 2004
1323 2004
1323 2004
1323 2004
1323 2004
1323 2004
1323 2004
1323 2004
1323 2004
1323 2004
1323 2004
1324 2004
1326 2004
1326 2004
1326 2004
1326 2004
1326 2004
1326 2004
1326 2004
1326 2004
1326 2004
1326 2004
1326 2004
1326 2004
1326 2004
1326 2004
1326 2004
1326 2004
1326 2004
1326 2004
1326 2004
1326 2004
1326 2004
1326 2004
1326 2004
1326 2004
1326 2004
1326 2004
1326 2004
1326 2004
1326 2004
1326 2004
1326 2004
1326 2004
1326 2004
1326 2004
1326 2004
1326 2004
1326 2004
1326 2004
1326 2004
1326 2004
1326 2004
1326 2004
1326 2004
1326 2004
1326 2004
1326 2004
1327 2004
1327 2004
1327 2004
1327 2004
1327 2004
1327 2004
1327 2004
1327 2004
1327 2004
1327 2004
1327 2004
1327 2004
1327 2004
1327 2004
1327 2004
1327 2004
1327 2004
1327 2004
1327 2004
1327 2004
1327 2004
1327 2004
1327 2004
1327 2004
1327 2004
1327 2004
1328 2004
1328 2004
1328 2004
1328 2004
1328 2004
1328 2004
1328 2004
1328 2004
1328 2004
1328 2004
1328 2004
1328 2004
1328 2004
1328 2004
1328 2004
1328 2004
1328 2004
1328 2004
1328 2004
1328 2004
1328 2004
1328 2004
1328 2004
1328 2004
1328 2004
1328 2004
1328 2004
1328 2004
1329 2004
1329 2004
1335 2005
1336 2005
1336 2005
1336 2005
1336 2005
1336 2005
1336 2005
1336 2005
1336 2005
1336 2005
1336 2005
1336 2005
1336 2005
1336 2005
1336 2005
1336 2005
1336 2005
1337 2005
1337 2005
1337 2005
1337 2005
1337 2005
1337 2005
1337 2005
1337 2005
1337 2005
1337 2005
1337 2005
1337 2005
1337 2005
1337 2005
1337 2005
1337 2005
1337 2005
1337 2005
1337 2005
1337 2005
1337 2005
1337 2005
1337 2005
1337 2005
1337 2005
1337 2005
1337 2005
1337 2005
1341 2005
1341 2005
1341 2005
1341 2005
1341 2005
1341 2005
1341 2005
1341 2005
1341 2005
1341 2005
1341 2005
1341 2005
1343 2005
1343 2005
1343 2005
1343 2005
1343 2005
1343 2005
1343 2005
1343 2005
1343 2005
1343 2005
1343 2005
1343 2005
1343 2005
1343 2005
1343 2005
1343 2005
1345 2005
1345 2005
1345 2005
1345 2005
1345 2005
1345 2005
1345 2005
1345 2005
1345 2005
1345 2005
1345 2005
1345 2005
1345 2005
1345 2005
1345 2005
1345 2005
1345 2005
1345 2005
1345 2005
1346 2005
1346 2005
1346 2005
1346 2005
1346 2005
1346 2005
1346 2005
1346 2005
1346 2005
1347 2005
1347 2005
1347 2005
1347 2005
1347 2005
1347 2005
1347 2005
1347 2005
1347 2005
1347 2005
1347 2005
1347 2005
1347 2005
1347 2005
1347 2005
1347 2005
1348 2005
1348 2005
1348 2005
1348 2005
1348 2005
1348 2005
1349 2005
1349 2005
1349 2005
1349 2005
1349 2005
1349 2005
1349 2005
1349 2005
1349 2005
1349 2005
1349 2005
1349 2005
1349 2005
1349 2005
1349 2005
1349 2005
1349 2005
1350 2005
1350 2005
1353 2005
1354 2005
1354 2005
1354 2005
1354 2005
1354 2005
1354 2005
1354 2005
1354 2005
1354 2005
1354 2005
1354 2005
1354 2005
1354 2005
1354 2005
1354 2005
1354 2005
1354 2005
1354 2005
1354 2005
1354 2005
1354 2005
1354 2005
1354 2005
1354 2005
1354 2005
1354 2005
1354 2005
1354 2005
1354 2005
1354 2005
1356 2005
1356 2005
1356 2005
1356 2005
1356 2005
1356 2005
1359 2005
1359 2005
1359 2005
1359 2005
1359 2005
1359 2005
1359 2005
1359 2005
1359 2005
1359 2005
1359 2005
1359 2005
1359 2005
1359 2005
1359 2005
1359 2005
1359 2005
1359 2005
1359 2005
1359 2005
1366 2006
1367 2006
1367 2006
1367 2006
1367 2006
1367 2006
1367 2006
1367 2006
1367 2006
1367 2006
1367 2006
1367 2006
1368 2006
1368 2006
1368 2006
1368 2006
1368 2006
1368 2006
1368 2006
1368 2006
1368 2006
1368 2006
1368 2006
1368 2006
1368 2006
1368 2006
1368 2006
1368 2006
1368 2006
1368 2006
1368 2006
1368 2006
1368 2006
1368 2006
1368 2006
1368 2006
1368 2006
1368 2006
1368 2006
1368 2006
1368 2006
1368 2006
1368 2006
1368 2006
1369 2006
1369 2006
1369 2006
1369 2006
1369 2006
1369 2006
1369 2006
1369 2006
1369 2006
1369 2006
1369 2006
1369 2006
1369 2006
1369 2006
1369 2006
1369 2006
1369 2006
1369 2006
1369 2006
1369 2006
1369 2006
1369 2006
1369 2006
1369 2006
1369 2006
1369 2006
1369 2006
1369 2006
1369 2006
1369 2006
1369 2006
1369 2006
1369 2006
1370 2006
1370 2006
1370 2006
1370 2006
1370 2006
1370 2006
1370 2006
1370 2006
1374 2007
1374 2007
1374 2007
1374 2007
1374 2007
1374 2007
1374 2007
1374 2007
1374 2007
1374 2007
1374 2007
1374 2007
1374 2007
1374 2007
1374 2007
1374 2007
1374 2007
1374 2007
1374 2007
1374 2007
1374 2007
1374 2007
1374 2007
1374 2007
1374 2007
1374 2007
1374 2007
1376 2007
1376 2007
1376 2007
1376 2007
1376 2007
1376 2007
1376 2007
1376 2007
1376 2007
1376 2007
1376 2007
1376 2007
1378 2007
1378 2007
1381 2007
1381 2007
1382 2007
1382 2007
1384 2007
1384 2007
1384 2007
1384 2007
1401 2008
1401 2008
1401 2008
1401 2008
1401 2008
1401 2008
1401 2008
1401 2008
1401 2008
1401 2008
1401 2008
1401 2008
1401 2008
1401 2008
1401 2008
1401 2008
1401 2008
1401 2008
1401 2008
1401 2008
1401 2008
1401 2008
1401 2008
1401 2008
1401 2008
1401 2008
1401 2008
1401 2008
1401 2008
1401 2008
1404 2008
1404 2008
1404 2008
1404 2008
1404 2008
1407 2008
1407 2008
1407 2008
1407 2008
1407 2008
1407 2008
1407 2008
1407 2008
1407 2008
1407 2008
1407 2008
1407 2008
1407 2008
1407 2008
1407 2008
1407 2008
1410 2008
1410 2008
1410 2008
1413 2008
1413 2008
1413 2008
1413 2008
1413 2008
1413 2008
1413 2008
1413 2008
1413 2008
1413 2008
1413 2008
1413 2008
1413 2008
1413 2008
1413 2008
1413 2008
1413 2008
1413 2008
1413 2008
1413 2008
1413 2008
1413 2008
1413 2008
1413 2008
1413 2008
1413 2008
1413 2008
1413 2008
1413 2008
1413 2008
1413 2008
1413 2008
1413 2008
1413 2008
1413 2008
1413 2008
1413 2008
1413 2008
1413 2008
1413 2008
1416 2008
1416 2008
1416 2008
1416 2008
1416 2008
1416 2008
1416 2008
1419 2008
1419 2008
1419 2008
1419 2008
1419 2008
1419 2008
1419 2008
1419 2008
1419 2008
1419 2008
1419 2008
1419 2008
1422 2008
1422 2008
1422 2008
1422 2008
1422 2008
1422 2008
1422 2008
1422 2008
1422 2008
1450 2009
1450 2009
1450 2009
1450 2009
1450 2009
1450 2009
1450 2009
1450 2009
1450 2009
1450 2009
1450 2009
1450 2009
1450 2009
1450 2009
1450 2009
1450 2009
1450 2009
1450 2009
1450 2009
1450 2009
1450 2009
1450 2009
1450 2009
1450 2009
1450 2009
1450 2009
1450 2009
1450 2009
1455 2009
1455 2009
1455 2009
1455 2009
1455 2009
1455 2009
1455 2009
1455 2009
1455 2009
1455 2009
1455 2009
1460 2009
1460 2009
1460 2009
1460 2009
1460 2009
1460 2009
1460 2009
1460 2009
1460 2009
