3.800000000000000000e+02
3.930000000000000000e+02
3.960000000000000000e+02
3.970000000000000000e+02
4.160000000000000000e+02
4.320000000000000000e+02
4.440000000000000000e+02
4.480000000000000000e+02
4.590000000000000000e+02
4.850000000000000000e+02
4.900000000000000000e+02
4.960000000000000000e+02
5.630000000000000000e+02
5.660000000000000000e+02
5.790000000000000000e+02
5.950000000000000000e+02
6.110000000000000000e+02
6.310000000000000000e+02
6.360000000000000000e+02
6.590000000000000000e+02
6.710000000000000000e+02
6.810000000000000000e+02
6.930000000000000000e+02
7.070000000000000000e+02
7.230000000000000000e+02
7.240000000000000000e+02
7.250000000000000000e+02
7.290000000000000000e+02
7.300000000000000000e+02
7.390000000000000000e+02
7.480000000000000000e+02
7.500000000000000000e+02
7.640000000000000000e+02
7.870000000000000000e+02
7.880000000000000000e+02
7.890000000000000000e+02
7.900000000000000000e+02
7.920000000000000000e+02
7.940000000000000000e+02
7.970000000000000000e+02
8.150000000000000000e+02
8.190000000000000000e+02
8.200000000000000000e+02
8.250000000000000000e+02
8.260000000000000000e+02
8.270000000000000000e+02
8.290000000000000000e+02
8.320000000000000000e+02
8.360000000000000000e+02
8.370000000000000000e+02
8.390000000000000000e+02
8.410000000000000000e+02
8.440000000000000000e+02
8.480000000000000000e+02
8.490000000000000000e+02
8.530000000000000000e+02
8.550000000000000000e+02
8.600000000000000000e+02
8.620000000000000000e+02
8.630000000000000000e+02
8.710000000000000000e+02
8.720000000000000000e+02
8.740000000000000000e+02
8.750000000000000000e+02
8.760000000000000000e+02
8.770000000000000000e+02
8.780000000000000000e+02
8.800000000000000000e+02
8.820000000000000000e+02
8.830000000000000000e+02
8.850000000000000000e+02
8.880000000000000000e+02
8.890000000000000000e+02
8.900000000000000000e+02
8.910000000000000000e+02
8.930000000000000000e+02
8.940000000000000000e+02
8.950000000000000000e+02
8.960000000000000000e+02
8.970000000000000000e+02
9.030000000000000000e+02
9.040000000000000000e+02
9.050000000000000000e+02
9.070000000000000000e+02
9.080000000000000000e+02
9.090000000000000000e+02
9.130000000000000000e+02
9.140000000000000000e+02
9.160000000000000000e+02
9.170000000000000000e+02
9.200000000000000000e+02
9.220000000000000000e+02
9.250000000000000000e+02
9.270000000000000000e+02
9.280000000000000000e+02
9.290000000000000000e+02
9.300000000000000000e+02
9.310000000000000000e+02
9.330000000000000000e+02
9.350000000000000000e+02
9.360000000000000000e+02
9.370000000000000000e+02
9.390000000000000000e+02
9.430000000000000000e+02
9.450000000000000000e+02
9.460000000000000000e+02
9.470000000000000000e+02
9.490000000000000000e+02
9.510000000000000000e+02
9.520000000000000000e+02
9.530000000000000000e+02
9.570000000000000000e+02
9.580000000000000000e+02
9.600000000000000000e+02
9.610000000000000000e+02
9.640000000000000000e+02
9.670000000000000000e+02
9.700000000000000000e+02
9.730000000000000000e+02
9.740000000000000000e+02
9.770000000000000000e+02
9.790000000000000000e+02
9.810000000000000000e+02
9.870000000000000000e+02
9.890000000000000000e+02
9.920000000000000000e+02
9.940000000000000000e+02
9.970000000000000000e+02
9.980000000000000000e+02
1.004000000000000000e+03
1.005000000000000000e+03
1.008000000000000000e+03
1.009000000000000000e+03
1.013000000000000000e+03
1.014000000000000000e+03
1.015000000000000000e+03
1.017000000000000000e+03
1.022000000000000000e+03
1.023000000000000000e+03
1.025000000000000000e+03
1.026000000000000000e+03
1.029000000000000000e+03
1.030000000000000000e+03
1.031000000000000000e+03
1.041000000000000000e+03
1.042000000000000000e+03
1.043000000000000000e+03
1.047000000000000000e+03
1.051000000000000000e+03
1.053000000000000000e+03
1.057000000000000000e+03
1.062000000000000000e+03
1.072000000000000000e+03
1.075000000000000000e+03
1.076000000000000000e+03
1.084000000000000000e+03
1.086000000000000000e+03
1.094000000000000000e+03
1.100000000000000000e+03
1.107000000000000000e+03
1.109000000000000000e+03
1.113000000000000000e+03
1.119000000000000000e+03
1.125000000000000000e+03
1.134000000000000000e+03
1.135000000000000000e+03
1.137000000000000000e+03
1.142000000000000000e+03
1.143000000000000000e+03
1.145000000000000000e+03
1.146000000000000000e+03
1.156000000000000000e+03
1.165000000000000000e+03
1.166000000000000000e+03
1.173000000000000000e+03
1.174000000000000000e+03
1.175000000000000000e+03
1.183000000000000000e+03
1.199000000000000000e+03
1.201000000000000000e+03
1.202000000000000000e+03
1.205000000000000000e+03
1.206000000000000000e+03
1.208000000000000000e+03
1.210000000000000000e+03
1.214000000000000000e+03
1.217000000000000000e+03
1.218000000000000000e+03
1.220000000000000000e+03
1.221000000000000000e+03
1.224000000000000000e+03
1.231000000000000000e+03
1.235000000000000000e+03
1.237000000000000000e+03
1.240000000000000000e+03
1.243000000000000000e+03
1.246000000000000000e+03
1.249000000000000000e+03
1.250000000000000000e+03
1.251000000000000000e+03
1.253000000000000000e+03
1.254000000000000000e+03
1.256000000000000000e+03
1.259000000000000000e+03
1.260000000000000000e+03
1.268000000000000000e+03
1.270000000000000000e+03
1.272000000000000000e+03
1.279000000000000000e+03
1.280000000000000000e+03
1.283000000000000000e+03
1.287000000000000000e+03
1.296000000000000000e+03
1.298000000000000000e+03
1.301000000000000000e+03
1.305000000000000000e+03
1.307000000000000000e+03
1.310000000000000000e+03
1.311000000000000000e+03
1.312000000000000000e+03
1.318000000000000000e+03
1.320000000000000000e+03
1.321000000000000000e+03
1.323000000000000000e+03
1.326000000000000000e+03
1.327000000000000000e+03
1.328000000000000000e+03
1.336000000000000000e+03
1.337000000000000000e+03
1.343000000000000000e+03
1.345000000000000000e+03
1.349000000000000000e+03
1.354000000000000000e+03
1.356000000000000000e+03
1.368000000000000000e+03
1.369000000000000000e+03
1.374000000000000000e+03
1.376000000000000000e+03
1.401000000000000000e+03
1.404000000000000000e+03
1.407000000000000000e+03
1.413000000000000000e+03
1.419000000000000000e+03
1.422000000000000000e+03
1.450000000000000000e+03
1.455000000000000000e+03
