3.720000000000000000e+02
3.960000000000000000e+02
4.130000000000000000e+02
4.180000000000000000e+02
4.200000000000000000e+02
4.220000000000000000e+02
4.360000000000000000e+02
4.440000000000000000e+02
4.460000000000000000e+02
4.480000000000000000e+02
4.500000000000000000e+02
4.560000000000000000e+02
4.690000000000000000e+02
4.780000000000000000e+02
4.790000000000000000e+02
4.820000000000000000e+02
4.840000000000000000e+02
4.860000000000000000e+02
4.880000000000000000e+02
4.930000000000000000e+02
4.950000000000000000e+02
5.000000000000000000e+02
5.010000000000000000e+02
5.020000000000000000e+02
5.090000000000000000e+02
5.200000000000000000e+02
5.230000000000000000e+02
5.250000000000000000e+02
5.290000000000000000e+02
5.360000000000000000e+02
5.410000000000000000e+02
5.450000000000000000e+02
5.460000000000000000e+02
5.480000000000000000e+02
5.500000000000000000e+02
5.520000000000000000e+02
5.540000000000000000e+02
5.560000000000000000e+02
5.590000000000000000e+02
5.660000000000000000e+02
5.700000000000000000e+02
5.730000000000000000e+02
5.780000000000000000e+02
5.840000000000000000e+02
5.860000000000000000e+02
5.890000000000000000e+02
5.920000000000000000e+02
6.010000000000000000e+02
6.040000000000000000e+02
6.050000000000000000e+02
6.060000000000000000e+02
6.110000000000000000e+02
6.260000000000000000e+02
6.270000000000000000e+02
6.290000000000000000e+02
6.440000000000000000e+02
6.600000000000000000e+02
6.680000000000000000e+02
6.810000000000000000e+02
6.820000000000000000e+02
6.850000000000000000e+02
6.960000000000000000e+02
6.970000000000000000e+02
7.070000000000000000e+02
7.100000000000000000e+02
7.140000000000000000e+02
7.140000000000000000e+02
7.190000000000000000e+02
7.230000000000000000e+02
7.300000000000000000e+02
7.350000000000000000e+02
7.400000000000000000e+02
7.430000000000000000e+02
7.460000000000000000e+02
7.470000000000000000e+02
7.480000000000000000e+02
7.510000000000000000e+02
7.530000000000000000e+02
7.590000000000000000e+02
7.630000000000000000e+02
7.640000000000000000e+02
7.650000000000000000e+02
7.660000000000000000e+02
7.670000000000000000e+02
7.680000000000000000e+02
7.720000000000000000e+02
7.730000000000000000e+02
7.760000000000000000e+02
7.780000000000000000e+02
7.790000000000000000e+02
7.800000000000000000e+02
7.810000000000000000e+02
7.880000000000000000e+02
7.890000000000000000e+02
7.920000000000000000e+02
7.960000000000000000e+02
7.970000000000000000e+02
7.980000000000000000e+02
8.000000000000000000e+02
8.110000000000000000e+02
8.150000000000000000e+02
8.190000000000000000e+02
8.200000000000000000e+02
8.250000000000000000e+02
8.260000000000000000e+02
8.260000000000000000e+02
8.290000000000000000e+02
8.310000000000000000e+02
8.370000000000000000e+02
8.390000000000000000e+02
8.410000000000000000e+02
8.480000000000000000e+02
8.490000000000000000e+02
8.500000000000000000e+02
8.530000000000000000e+02
8.540000000000000000e+02
8.630000000000000000e+02
8.640000000000000000e+02
8.710000000000000000e+02
8.720000000000000000e+02
8.740000000000000000e+02
8.750000000000000000e+02
8.760000000000000000e+02
8.770000000000000000e+02
8.780000000000000000e+02
8.800000000000000000e+02
8.820000000000000000e+02
8.890000000000000000e+02
8.910000000000000000e+02
8.960000000000000000e+02
9.030000000000000000e+02
9.040000000000000000e+02
9.050000000000000000e+02
9.070000000000000000e+02
9.080000000000000000e+02
9.090000000000000000e+02
9.130000000000000000e+02
9.170000000000000000e+02
9.220000000000000000e+02
9.250000000000000000e+02
9.290000000000000000e+02
9.460000000000000000e+02
9.470000000000000000e+02
9.490000000000000000e+02
9.500000000000000000e+02
9.520000000000000000e+02
9.620000000000000000e+02
9.670000000000000000e+02
9.770000000000000000e+02
9.970000000000000000e+02
1.004000000000000000e+03
1.005000000000000000e+03
1.013000000000000000e+03
1.015000000000000000e+03
1.017000000000000000e+03
1.022000000000000000e+03
1.026000000000000000e+03
1.030000000000000000e+03
1.041000000000000000e+03
1.043000000000000000e+03
1.051000000000000000e+03
1.053000000000000000e+03
1.057000000000000000e+03
1.062000000000000000e+03
1.073000000000000000e+03
1.075000000000000000e+03
1.076000000000000000e+03
1.084000000000000000e+03
1.086000000000000000e+03
1.094000000000000000e+03
1.107000000000000000e+03
1.109000000000000000e+03
1.113000000000000000e+03
1.125000000000000000e+03
1.134000000000000000e+03
1.135000000000000000e+03
1.137000000000000000e+03
1.145000000000000000e+03
1.146000000000000000e+03
1.156000000000000000e+03
1.165000000000000000e+03
1.166000000000000000e+03
1.173000000000000000e+03
1.183000000000000000e+03
1.199000000000000000e+03
1.205000000000000000e+03
1.206000000000000000e+03
1.208000000000000000e+03
1.210000000000000000e+03
1.214000000000000000e+03
1.217000000000000000e+03
1.218000000000000000e+03
1.220000000000000000e+03
1.221000000000000000e+03
1.224000000000000000e+03
1.231000000000000000e+03
1.235000000000000000e+03
1.240000000000000000e+03
1.246000000000000000e+03
1.249000000000000000e+03
1.250000000000000000e+03
1.253000000000000000e+03
1.254000000000000000e+03
1.259000000000000000e+03
1.260000000000000000e+03
1.268000000000000000e+03
1.270000000000000000e+03
1.279000000000000000e+03
1.280000000000000000e+03
1.283000000000000000e+03
1.287000000000000000e+03
1.298000000000000000e+03
1.301000000000000000e+03
1.307000000000000000e+03
1.310000000000000000e+03
1.312000000000000000e+03
1.318000000000000000e+03
1.320000000000000000e+03
1.323000000000000000e+03
1.326000000000000000e+03
1.327000000000000000e+03
1.328000000000000000e+03
1.336000000000000000e+03
1.337000000000000000e+03
1.343000000000000000e+03
1.345000000000000000e+03
1.349000000000000000e+03
1.354000000000000000e+03
1.356000000000000000e+03
1.368000000000000000e+03
1.369000000000000000e+03
1.374000000000000000e+03
1.376000000000000000e+03
1.401000000000000000e+03
1.407000000000000000e+03
1.413000000000000000e+03
1.419000000000000000e+03
1.422000000000000000e+03
1.450000000000000000e+03
1.455000000000000000e+03
